1 0 0 -2.5 0 0 0 1
66 -0.440646 0.00899196 -2.4692 -0.0131535 0.0925483 0.00190297 0.99562
91 -0.674404 -0.0200324 -2.49448 -0.0121453 0.174739 0.000877985 0.984539
114 -0.855888 0.00503635 -2.39692 -0.0248614 0.242757 0.00742912 0.96974
142 -1.0588 0.00652194 -2.12296 -0.0297832 0.368189 0.0177925 0.929103
165 -1.13987 0.0204358 -1.84839 -0.030778 0.472892 0.0236113 0.880266
180 -1.13821 0.0191398 -1.65161 -0.0340494 0.505746 0.0174693 0.861833
206 -1.10342 0.0212178 -1.23795 -0.0348239 0.61163 0.0200157 0.790124
236 -0.816909 -0.0420063 -0.891337 0.0204991 0.672044 -0.0376343 0.73927
262 -0.54237 -0.100149 -0.649542 0.0575795 0.738584 -0.0650574 0.66854
310 -0.0786055 -0.104179 -0.307639 0.0521933 0.77648 -0.0749505 0.623488
326 -0.0845164 -0.0874925 -0.115433 0.0507746 0.727958 -0.0678072 0.680369
340 -0.0997391 -0.0947664 -0.000216007 0.0550991 0.633129 -0.0672772 0.769146
362 -0.108101 -0.0817997 0.134661 0.0584312 0.552167 -0.0623687 0.829342
383 -0.0993197 -0.0779357 0.289861 0.0374002 0.638826 -0.0584466 0.766216
398 -0.065829 -0.0796039 0.303583 0.0361196 0.760312 -0.067195 0.645063
418 0.0236318 -0.0809486 0.374374 0.0102017 0.904616 -0.0605539 0.421781
438 0.225251 -0.0536697 0.296596 0.00480584 0.959306 -0.0712663 0.273185
458 0.443787 -0.0292404 0.141282 0.00236377 0.984384 -0.0621052 0.164699
485 0.716646 -0.00261807 0.0749011 0.000535218 0.999264 -0.0338248 -0.0181053
490 0.739241 0.00445461 0.0469084 0.00302843 0.998192 -0.0388548 -0.0457558
515 0.766183 0.00298786 -0.229987 0.000353175 0.986279 -0.0506515 -0.157121
539 0.822685 0.00247264 -0.449382 -0.0143334 0.961748 -0.0479241 -0.269331
562 0.838912 -0.0137219 -0.622953 -0.0164548 0.93481 -0.0478288 -0.351529
590 0.828436 -0.00716424 -0.923477 -0.00916441 0.885778 -0.0357064 -0.462644
624 0.758171 -0.0117149 -1.31635 -0.00079098 -0.817382 0.0197442 0.575756
644 0.678566 -0.00907326 -1.47598 -0.0064332 -0.748561 0.0207816 0.662709
666 0.435027 -0.0203466 -1.58222 -0.00443297 -0.685978 0.0248064 0.727186
685 0.25753 -0.0639431 -1.65802 0.0148213 -0.631384 0.0489004 0.773785
703 0.108131 -0.117542 -1.78221 0.0255369 -0.541574 0.0764631 0.836779
714 0.0217299 -0.154412 -1.81272 0.0345979 -0.499256 0.0770544 0.862327
730 -0.114508 -0.187288 -1.72742 0.064588 -0.4655 0.0874405 0.878346
746 -0.237309 -0.233363 -1.58815 0.120548 -0.417372 0.0932898 0.895861
760 -0.306857 -0.271711 -1.52455 0.188569 -0.404902 0.113569 0.887467
788 -0.534131 -0.347584 -1.47161 0.263588 -0.354616 0.131309 0.887427
811 -0.583923 -0.305139 -1.43625 0.236709 -0.294465 0.0863487 0.921848
834 -0.593561 -0.222656 -1.31797 0.16921 -0.269021 0.0451103 0.94708
855 -0.609481 -0.13864 -1.22463 0.103651 -0.225768 0.0128234 0.968566
880 -0.626299 -0.0762749 -1.19181 0.0712465 -0.21122 0.00848744 0.974801
1305032353.993165 0.9096 -0.4195 0.7989 -0.2623 -0.5634 0.7007 0.3504
1305032354.325326 0.9470 -0.4013 0.9553 0.3090 0.6456 -0.6167 -0.3278
1305032354.657511 0.9777 -0.3789 1.1238 0.3590 0.6994 -0.5379 -0.3045
1305032354.993644 0.9804 -0.3569 1.2649 0.3305 0.7681 -0.4740 -0.2758
1305032355.325951 0.9410 -0.3581 1.4143 0.2139 0.8677 -0.4010 -0.2015
1305032355.658217 0.8491 -0.3280 1.5205 0.1228 0.8871 -0.4220 -0.1408
1305032355.994102 0.7340 -0.2456 1.6063 0.0977 0.8721 -0.4536 -0.1551
1305032356.326174 0.6366 -0.1832 1.6140 0.0238 0.8705 -0.4804 -0.1047
1305032356.662128 0.5249 -0.1667 1.5185 -0.0416 0.8084 -0.5712 -0.1357
1305032356.994344 0.4106 -0.1385 1.3344 -0.0144 0.7574 -0.6463 -0.0919
1305032357.326423 0.3367 -0.1110 1.1710 -0.0067 0.7099 -0.7041 -0.0180
1305032357.662521 0.3141 -0.0777 1.0228 0.0461 0.7172 -0.6952 0.0123
1305032357.994307 0.3038 -0.0511 0.9283 0.0827 0.7211 -0.6869 -0.0366
1305032358.326228 0.3193 -0.1209 0.8827 -0.0581 -0.6421 0.7637 0.0328
1305032358.661907 0.3145 -0.1489 0.8272 -0.0481 -0.6504 0.7580 0.0062
1305032358.994407 0.3086 -0.1032 0.9282 -0.0025 -0.6537 0.7568 -0.0067
1305032359.326149 0.2768 -0.0230 1.0856 -0.0072 0.7576 -0.6510 -0.0464
1305032359.662143 0.2571 -0.0288 1.2712 -0.0013 0.8337 -0.5483 -0.0657
1305032359.994161 0.2278 -0.1134 1.4371 -0.0556 0.8852 -0.4577 -0.0626
1305032360.326447 0.1867 -0.2573 1.5510 -0.1814 0.9129 -0.3639 -0.0341
1305032360.662151 0.1850 -0.4012 1.6411 -0.3083 0.8807 -0.3587 -0.0270
1305032360.994081 0.2174 -0.5063 1.6525 -0.3881 0.8308 -0.3984 0.0211
1305032361.326219 0.1231 -0.5432 1.6051 -0.4656 0.7692 -0.4292 0.0857
1305032361.662057 -0.0855 -0.5430 1.5233 -0.5036 0.7074 -0.4762 0.1384
1305032361.994272 -0.2205 -0.5480 1.4081 -0.4134 0.7229 -0.5264 0.1715
1305032362.326223 -0.3211 -0.5827 1.2362 -0.3604 0.7339 -0.5250 0.2366
1305032362.662324 -0.3863 -0.6507 1.0762 -0.3708 0.6980 -0.5290 0.3090
1305032362.994111 -0.3925 -0.6828 0.9693 -0.3457 0.6674 -0.5489 0.3658
1305032363.326272 -0.3964 -0.6846 0.8921 0.2861 -0.6145 0.6148 -0.4031
1305032363.662136 -0.4097 -0.6818 0.8062 -0.2564 0.6212 -0.6086 0.4218
1305032363.994050 -0.4279 -0.7232 0.8157 0.2713 -0.5689 0.6292 -0.4548
1305032364.326102 -0.4444 -0.7458 0.9081 0.3820 -0.5510 0.5801 -0.4626
1305032364.662222 -0.4504 -0.8165 1.0987 -0.5388 0.5540 -0.5057 0.3834
1305032364.994009 -0.4020 -0.9044 1.3070 0.6280 -0.5617 0.4458 -0.3023
1305032365.326046 -0.3231 -0.9958 1.4422 0.7047 -0.5229 0.3977 -0.2680
1305032365.662032 -0.2857 -1.0431 1.5118 0.7502 -0.4736 0.3635 -0.2843
1305032365.994060 -0.2412 -1.0686 1.5435 0.7414 -0.4610 0.3446 -0.3452
1305032366.330143 -0.1585 -1.0497 1.6180 0.7852 -0.4334 0.3210 -0.3042
1305032366.662972 -0.1069 -1.0328 1.6323 0.8406 -0.3571 0.2817 -0.2942
1305032366.994018 -0.1136 -1.0745 1.6194 0.8563 -0.3097 0.2430 -0.3344
1305032367.330063 -0.1547 -1.1966 1.5734 0.8114 -0.3280 0.2789 -0.3953
1305032367.662173 -0.1684 -1.2913 1.4961 0.7729 -0.3002 0.3026 -0.4700
1305032367.994871 -0.1405 -1.4043 1.3746 -0.7489 0.2723 -0.2832 0.5337
1305032368.330048 -0.1198 -1.4823 1.2435 -0.6961 0.1986 -0.2559 0.6408
1305032368.662766 -0.0905 -1.4855 1.1070 -0.5931 0.2034 -0.2913 0.7225
1305032368.993887 -0.0656 -1.4813 0.9499 -0.5381 0.2258 -0.2366 0.7768
1305032369.330151 -0.0223 -1.4991 0.8764 -0.4973 0.2429 -0.1988 0.8088
1305032369.661969 -0.0210 -1.5074 0.8769 -0.5172 0.2410 -0.1615 0.8052
1305032369.994395 -0.0660 -1.5785 0.9030 -0.5712 0.2571 -0.2030 0.7526
1305032370.330168 -0.1344 -1.6310 0.9066 -0.6196 0.2756 -0.2085 0.7047
1305032370.662501 -0.1654 -1.6608 0.9026 -0.6542 0.2871 -0.2256 0.6623
1305032370.998556 -0.1544 -1.6875 0.9733 -0.7110 0.2866 -0.2234 0.6021
1305032371.331299 -0.0669 -1.7108 1.1896 -0.7810 0.2523 -0.2503 0.5135
1305032371.661896 0.0582 -1.6647 1.3964 0.8645 -0.1519 0.2444 -0.4121
1305032371.998991 0.2464 -1.5736 1.5106 0.9051 -0.0503 0.2063 -0.3684
1305032372.329863 0.3318 -1.4134 1.6051 0.9003 0.0991 0.1943 -0.3766
1305032372.664099 0.3007 -1.2681 1.6669 0.9004 0.1797 0.2046 -0.3394
1305032372.998908 0.2605 -1.1469 1.7116 0.8881 0.2372 0.1345 -0.3699
1305032373.331205 0.2434 -1.0712 1.6750 0.9056 0.3036 0.0615 -0.2898
1305032373.664564 0.2396 -1.0128 1.6657 0.9160 0.3066 0.0184 -0.2581
1305032373.999161 0.2855 -1.0578 1.6759 0.8999 0.3108 0.0192 -0.3054
1305032374.334742 0.4000 -1.2072 1.6345 0.8544 0.3390 -0.0116 -0.3937
1305032374.666012 0.6136 -1.3819 1.4918 0.8044 0.3259 -0.0929 -0.4880
1305032374.994296 0.7697 -1.4857 1.3088 -0.7990 -0.2437 0.1257 0.5351
1305032375.333721 0.8162 -1.5465 1.1431 -0.7851 -0.1852 0.1285 0.5769
1305032375.665617 0.8169 -1.5711 1.0454 -0.7050 -0.2068 0.1814 0.6537
1305032375.998887 0.8603 -1.5719 0.9223 -0.6670 -0.1773 0.2319 0.6855
1305032376.333850 0.9035 -1.5847 0.8125 -0.6670 -0.1103 0.2671 0.6868
1305032376.662225 0.8917 -1.5954 0.7435 -0.6153 -0.0541 0.2980 0.7278
1305032376.999109 0.8560 -1.5872 0.6670 -0.5757 -0.0510 0.3182 0.7515
1305032377.330085 0.8373 -1.5676 0.6402 -0.5696 -0.0541 0.3339 0.7491
1305032377.662079 0.8661 -1.5533 0.7568 -0.5992 -0.1092 0.3126 0.7289
1305032378.001490 0.9269 -1.4871 0.9477 -0.6475 -0.2120 0.2530 0.6868
1305032378.330021 0.9526 -1.3927 1.1116 -0.6735 -0.3288 0.2242 0.6229
1305032378.661960 0.9562 -1.2917 1.2985 -0.6930 -0.4876 0.1687 0.5036
1305032378.997991 0.8830 -1.2362 1.4514 0.6369 0.5711 -0.1696 -0.4893
1305032379.330184 0.7982 -1.1611 1.5551 0.6574 0.5857 -0.1762 -0.4402
1305032379.662215 0.7349 -1.1360 1.6207 0.5604 0.6581 -0.2039 -0.4597
1305032379.998300 0.8133 -1.0630 1.6147 0.5640 0.6721 -0.1430 -0.4579
1305032380.330519 0.8685 -1.0370 1.5483 0.5518 0.6725 -0.1954 -0.4529
1305032380.662349 0.9118 -1.0043 1.3783 0.5498 0.6253 -0.2940 -0.4694
1305032380.998378 0.9614 -0.9310 1.1837 -0.5387 -0.5500 0.3710 0.5193
1305032381.330288 1.0511 -0.9351 1.0468 0.6290 0.4399 -0.4045 -0.4972
1305032381.662406 1.1699 -0.9345 1.0392 -0.6775 -0.3256 0.3827 0.5371
1305032381.998299 1.2309 -0.8891 1.0682 -0.6303 -0.2378 0.4373 0.5957
1305032382.330338 1.2595 -0.7819 1.0908 -0.6528 -0.2546 0.4340 0.5663
1305032382.662292 1.1042 -0.6079 1.1673 0.6279 0.4947 -0.4170 -0.4325
1305032382.998323 0.8920 -0.5510 1.3867 0.4888 0.6578 -0.4167 -0.3933
1305032383.330305 0.8005 -0.5525 1.4862 0.3677 0.7640 -0.4109 -0.3350
1305032383.662347 0.7912 -0.5337 1.5630 0.2633 0.8114 -0.4346 -0.2890
1305032383.998360 0.7999 -0.5329 1.5734 0.2111 0.8489 -0.4296 -0.2241
1305032384.330331 0.7770 -0.5053 1.5466 0.2246 0.8268 -0.4771 -0.1959
1305032384.666270 0.7539 -0.4518 1.4304 0.2149 0.8181 -0.4996 -0.1869
1305032384.998291 0.7292 -0.3601 1.2865 0.2228 0.7371 -0.6129 -0.1773
1305032385.330400 0.6973 -0.2563 1.1336 -0.2344 -0.6714 0.6719 0.2068
1305032385.666392 0.6573 -0.2284 0.9770 -0.1681 -0.6336 0.7222 0.2205
1305032385.998400 0.6117 -0.2313 0.8534 -0.2164 -0.5873 0.7659 0.1474
1305032386.330294 0.5515 -0.2532 0.7852 -0.1988 -0.6034 0.7699 0.0609
1305032386.666363 0.4872 -0.2245 0.8512 -0.0834 -0.6794 0.7281 0.0364
1305032386.998300 0.4068 -0.1898 0.9574 0.0363 0.7864 -0.6149 -0.0466
1305032387.330577 0.3261 -0.1792 1.1372 -0.0022 0.8391 -0.5363 -0.0915
1305032387.666258 0.2655 -0.2032 1.2968 -0.0804 0.8723 -0.4696 -0.1099
1305032387.998271 0.2001 -0.2547 1.4006 -0.1108 0.9137 -0.3831 -0.0780
1305032388.330289 0.1275 -0.3015 1.5118 -0.1406 0.9075 -0.3911 -0.0609
1305032388.666463 0.1086 -0.3796 1.6020 -0.1766 0.8967 -0.4034 -0.0441
1305032388.998435 0.1232 -0.4686 1.6399 -0.2363 0.8951 -0.3759 -0.0398
1305032389.330364 0.0848 -0.5199 1.6388 -0.3162 0.8693 -0.3794 -0.0220
1305032389.666311 -0.0263 -0.5078 1.6118 -0.3456 0.8581 -0.3797 0.0049
1305032389.998160 -0.1040 -0.4802 1.5562 -0.3526 0.8170 -0.4531 0.0532
1305032390.330278 -0.1362 -0.4593 1.4568 -0.3275 0.7743 -0.5329 0.0961
1305032390.666360 -0.1719 -0.4616 1.3658 -0.2857 0.7359 -0.5946 0.1523
1305032390.998365 -0.2475 -0.4975 1.2540 -0.2692 0.7048 -0.6277 0.1921
1305032391.330276 -0.3019 -0.5375 1.1288 -0.2589 0.6850 -0.6392 0.2350
1305032391.666362 -0.3107 -0.5581 1.0240 -0.2264 0.6920 -0.6173 0.2980
1305032391.998270 -0.2707 -0.5538 0.9643 -0.2156 0.7069 -0.6087 0.2888
1305031910.765238 -0.8683 0.6026 1.5627 0.8219 -0.3912 0.1615 -0.3811
1305031911.265104 -0.8877 0.7305 1.5631 0.8688 -0.2245 0.0828 -0.4335
1305031911.765284 -0.9154 0.8312 1.5408 0.8690 -0.0985 0.0069 -0.4848
1305031912.265090 -0.9129 0.8589 1.5163 0.8838 0.0562 -0.0802 -0.4574
1305031912.765193 -0.8693 0.8527 1.5199 0.8609 0.1588 -0.1362 -0.4638
1305031913.265022 -0.8270 0.8450 1.5148 0.8670 0.0351 -0.0813 -0.4903
1305031913.765028 -0.7881 0.7573 1.5049 0.8374 -0.3030 0.1067 -0.4422
1305031914.265074 -0.7714 0.5186 1.5202 0.7389 -0.5164 0.2012 -0.3833
1305031914.764901 -0.7332 0.1795 1.5135 0.7702 -0.5044 0.2163 -0.3249
1305031915.264979 -0.6406 -0.1004 1.5237 0.8047 -0.4204 0.1986 -0.3690
1305031915.765010 -0.4537 -0.3245 1.5563 0.8716 -0.2527 0.1268 -0.4004
1305031916.265060 -0.2308 -0.4856 1.5639 -0.8537 0.0666 -0.0336 0.5153
1305031916.765076 -0.0300 -0.5456 1.6263 -0.7469 -0.0209 0.0138 0.6645
1305031917.265163 0.1574 -0.5053 1.6863 -0.6007 -0.0557 0.0714 0.7943
1305031917.765114 0.3568 -0.4746 1.6201 -0.7082 -0.1004 0.1190 0.6886
1305031918.265256 0.5964 -0.4650 1.5249 0.8396 0.1914 -0.1328 -0.4908
1305031918.765151 0.9119 -0.3390 1.4513 0.8839 0.2540 -0.0724 -0.3859
1305031919.265125 1.1384 -0.1832 1.4460 0.7854 0.4735 -0.1184 -0.3807
1305031919.765060 1.3676 -0.0370 1.4977 0.7065 0.5517 -0.2134 -0.3884
1305031920.265120 1.3579 0.1912 1.5041 0.6705 0.5471 -0.3451 -0.3633
1305031920.765152 1.2921 0.3564 1.5322 0.7403 0.3749 -0.2676 -0.4897
1305031921.265164 1.2980 0.5102 1.6071 -0.7986 -0.2368 0.1355 0.5364
1305031921.765060 1.3444 0.6380 1.6494 -0.8344 -0.0674 0.0146 0.5468
1305031922.265183 1.3292 0.7432 1.6421 -0.8546 0.0703 -0.0923 0.5062
1305031922.765373 1.3049 0.7749 1.6066 0.8603 -0.1625 0.1881 -0.4450
1305031923.265159 1.3465 0.7387 1.5980 0.8226 -0.2512 0.2501 -0.4446
1305031923.765175 1.3677 0.5879 1.6153 0.7738 -0.3463 0.2705 -0.4561
1305031924.265335 1.3295 0.3616 1.6051 0.7748 -0.3241 0.2948 -0.4559
1305031924.765170 1.2727 0.1766 1.5928 -0.7773 0.2703 -0.2379 0.5159
1305031925.269164 1.2039 0.0371 1.5438 -0.7863 0.2413 -0.2191 0.5249
1305031925.769246 1.1735 -0.1409 1.4752 -0.7786 0.2638 -0.2330 0.5195
1305031926.269135 1.1621 -0.3431 1.4286 0.7876 -0.3472 0.2415 -0.4482
1305031926.769141 1.0941 -0.5109 1.4518 0.7104 -0.4826 0.3141 -0.4046
1305031927.269153 1.0308 -0.6054 1.3881 -0.5597 0.6997 -0.3580 0.2627
1305031927.769158 0.9666 -0.7298 1.3048 -0.5782 0.7343 -0.3088 0.1764
1305031928.269216 0.9030 -0.9358 1.2838 -0.5754 0.7439 -0.3068 0.1465
1305031928.769202 0.8352 -1.0516 1.3426 -0.3857 0.8115 -0.4191 0.1305
1305031929.269214 0.8159 -1.0474 1.4972 -0.2080 0.7454 -0.6231 0.1133
1305031929.769190 0.8384 -0.9363 1.6261 0.1166 -0.6475 0.7447 -0.1121
1305031930.269064 0.7746 -0.8877 1.6494 0.0823 -0.6377 0.7604 -0.0908
1305031930.769068 0.6559 -0.8949 1.5728 -0.0377 0.7642 -0.6438 0.0057
1305031931.268951 0.5876 -0.8883 1.4643 0.0202 0.8646 -0.4989 -0.0568
1305031931.768911 0.6095 -0.9640 1.3879 0.1691 0.8746 -0.4339 -0.1346
1305031932.268818 0.6589 -1.0817 1.3269 0.2128 0.8761 -0.4248 -0.0824
1305031932.768757 0.6747 -1.2313 1.3626 0.0657 0.8749 -0.4799 -0.0025
1305031933.269079 0.6988 -1.3438 1.3884 0.0536 0.8313 -0.5524 -0.0298
1305031933.768934 0.6578 -1.3205 1.3627 0.2179 0.8072 -0.5395 -0.1000
1305031934.269296 0.6198 -1.1788 1.3132 0.3212 0.8003 -0.4781 -0.1667
1305031934.769124 0.5163 -0.9853 1.3383 0.2461 0.8243 -0.4746 -0.1864
1305031935.268965 0.3396 -0.8246 1.4163 0.1502 0.8163 -0.5303 -0.1732
1305031935.768974 0.1653 -0.7507 1.5298 0.2644 0.7179 -0.5960 -0.2441
1305031936.268981 0.0301 -0.7082 1.6161 -0.3094 -0.5968 0.6427 0.3674
1305031936.768825 -0.1182 -0.6509 1.6184 -0.3539 -0.5229 0.6854 0.3627
1305031937.268821 -0.3467 -0.6002 1.5279 0.3608 0.6741 -0.6018 -0.2306
1305031937.768919 -0.4677 -0.5964 1.3933 0.4123 0.7777 -0.4502 -0.1500
1305031938.268809 -0.5980 -0.5496 1.3037 0.5633 0.7408 -0.3250 -0.1681
1305031938.769073 -0.6270 -0.4870 1.3415 0.6156 0.6490 -0.3101 -0.3220
1305031939.268824 -0.5716 -0.4475 1.4760 -0.5624 -0.5234 0.3967 0.5025
1305031939.768919 -0.5049 -0.3902 1.5712 -0.5187 -0.4259 0.4670 0.5757
1305031940.269041 -0.5552 -0.3098 1.5658 -0.6537 -0.3243 0.3397 0.5934
1305031940.768772 -0.6686 -0.2527 1.5010 -0.7816 -0.1688 0.1952 0.5679
1305031941.271129 -0.7959 -0.0911 1.4074 -0.8399 -0.1257 0.0827 0.5215
1305031941.768815 -0.9135 0.0912 1.3614 0.8779 -0.0491 -0.0218 -0.4759
1305031942.271105 -1.0929 0.2188 1.2763 0.8703 -0.0684 0.0397 -0.4861
1305031942.771708 -1.1556 0.3414 1.2034 0.8928 -0.0361 0.0179 -0.4487
1305031943.271805 -1.1094 0.4884 1.2075 0.8973 -0.0055 -0.0061 -0.4414
1305031943.771329 -0.9997 0.5993 1.3455 -0.8585 0.0040 0.0069 0.5127
1305031944.270963 -0.9720 0.6259 1.4594 -0.7961 0.0452 -0.0164 0.6032
1305031944.769058 -0.9281 0.5480 1.4848 -0.8096 0.2190 -0.1200 0.5313
1305031945.269070 -0.8570 0.4862 1.5089 -0.7330 0.2467 -0.1816 0.6074
1305031945.769045 -0.7345 0.4135 1.5090 -0.6961 0.2400 -0.2014 0.6460
1305031946.268902 -0.6721 0.2932 1.4369 0.7762 -0.3572 0.2087 -0.4758
1305031946.769059 -0.8227 0.0780 1.4452 0.8017 -0.3578 0.1975 -0.4362
1305031947.269076 -0.8701 -0.1128 1.4697 0.8174 -0.3472 0.1882 -0.4194
1305031947.769041 -0.6836 -0.2899 1.4454 0.8504 -0.1796 0.1279 -0.4776
1305031948.269041 -0.4683 -0.3959 1.4224 -0.8572 0.0528 -0.0793 0.5060
1305031948.768899 -0.1615 -0.3596 1.3997 0.8846 -0.0478 0.0967 -0.4538
1305031949.268994 0.0822 -0.3339 1.3115 0.9548 -0.0303 0.0265 -0.2944
1305031949.768985 0.2460 -0.3215 1.3744 0.9218 0.1030 -0.0186 -0.3732
1305031950.269033 0.3244 -0.2746 1.5256 -0.7695 -0.0284 -0.0099 0.6379
1305031950.768897 0.3731 -0.2159 1.5555 -0.7308 -0.0195 -0.0088 0.6822
1305031951.268906 0.4981 -0.2493 1.4482 -0.8478 -0.1083 0.0278 0.5185
1305031951.768926 0.7548 -0.2720 1.3539 0.9071 0.1509 0.0057 -0.3930
1305031952.268902 0.9596 -0.1588 1.2985 0.9068 0.2215 -0.0472 -0.3556
1305031952.768957 1.0438 -0.0285 1.3244 0.8698 0.2426 -0.0902 -0.4202
1305031953.273087 1.0824 0.0295 1.3786 0.7692 0.3531 -0.2100 -0.4893
1305031953.772886 1.0604 -0.0292 1.4273 0.7771 0.3554 -0.2446 -0.4582
1305031954.272870 1.0170 -0.1284 1.4488 0.8587 0.2327 -0.0833 -0.4490
1305031954.773183 0.8545 -0.2811 1.5087 0.8679 0.1640 -0.0307 -0.4679
1305031955.272905 0.7322 -0.3515 1.4878 0.8869 0.1319 0.0133 -0.4426
1305031955.772963 0.7209 -0.3566 1.4772 0.8987 0.0993 0.0151 -0.4269
1311874903.322796 0.1421 1.0691 1.2456 -0.6185 -0.3110 0.3749 0.6166
1311874903.654810 0.0925 1.0846 1.2441 -0.6199 -0.3102 0.3770 0.6143
1311874903.986809 -0.0048 1.1618 1.2333 -0.6109 -0.3138 0.3979 0.6083
1311874904.322792 -0.1216 1.2519 1.2338 -0.5939 -0.3462 0.4250 0.5889
1311874904.654811 -0.2172 1.2905 1.2297 -0.5835 -0.3705 0.4463 0.5685
1311874904.986823 -0.3167 1.2809 1.2252 -0.5769 -0.3952 0.4507 0.5549
1311874905.322758 -0.4286 1.2448 1.2415 -0.5691 -0.3970 0.4547 0.5583
1311874905.654770 -0.5230 1.1987 1.2463 -0.5669 -0.3942 0.4641 0.5550
1311874905.986856 -0.6337 1.1657 1.2400 -0.5467 -0.4162 0.4878 0.5384
1311874906.322616 -0.7676 1.1532 1.2413 -0.5230 -0.4390 0.5206 0.5125
1311874906.654651 -0.8855 1.1345 1.2595 -0.4669 -0.4477 0.5733 0.5029
1311874906.990712 -0.9513 1.0855 1.3056 -0.4030 -0.4194 0.6259 0.5195
1311874907.322636 -0.9787 1.0033 1.3468 -0.3676 -0.3899 0.6506 0.5380
1311874907.654810 -0.9931 0.8951 1.3820 -0.3452 -0.3645 0.6836 0.5298
1311874907.990711 -1.0039 0.7982 1.3985 -0.3048 -0.3702 0.7307 0.4859
1311874908.322571 -1.0485 0.7291 1.3858 -0.2745 -0.4043 0.7647 0.4200
1311874908.654951 -1.1358 0.6853 1.3698 -0.2464 -0.4469 0.7784 0.3656
1311874908.990522 -1.2072 0.6396 1.3227 -0.2446 -0.5201 0.7560 0.3132
1311874909.322656 -1.2434 0.5656 1.2832 -0.2691 -0.5774 0.7198 0.2759
1311874909.654752 -1.2531 0.4865 1.2756 -0.2830 -0.6152 0.6823 0.2756
1311874909.990667 -1.2585 0.4265 1.2481 0.3110 0.6540 -0.6351 -0.2687
1311874910.322608 -1.2826 0.3807 1.2119 0.3127 0.7001 -0.5954 -0.2400
1311874910.654729 -1.3448 0.3346 1.1900 0.2914 0.7388 -0.5763 -0.1927
1311874910.990638 -1.4039 0.2969 1.1796 0.2371 0.7647 -0.5748 -0.1688
1311874911.322618 -1.4042 0.2453 1.1787 0.1969 0.7757 -0.5841 -0.1358
1311874911.654701 -1.3789 0.1892 1.2020 0.1907 0.7626 -0.6014 -0.1425
1311874911.990610 -1.3559 0.1362 1.2453 0.1915 0.7288 -0.6367 -0.1637
1311874912.322549 -1.3363 0.1047 1.2939 0.1731 0.6932 -0.6813 -0.1592
1311874912.654688 -1.3267 0.0813 1.3319 -0.1418 -0.6630 0.7207 0.1448
1311874912.990633 -1.3256 0.0744 1.3651 -0.1222 -0.6274 0.7572 0.1345
1311874913.322752 -1.3279 0.0699 1.3975 -0.1181 -0.5760 0.8001 0.1184
1311874913.654595 -1.3192 0.0624 1.4373 -0.0945 -0.5212 0.8393 0.1221
1311874913.990489 -1.2866 0.0651 1.4574 -0.0690 -0.4697 0.8757 0.0884
1311874914.322698 -1.2534 0.0404 1.4415 -0.0518 -0.4993 0.8617 0.0738
1311874914.654587 -1.2661 -0.0190 1.4190 -0.0609 -0.5289 0.8448 0.0527
1311874914.990590 -1.3243 -0.1193 1.4007 -0.0615 -0.5371 0.8404 0.0388
1311874915.322631 -1.3848 -0.2270 1.3723 -0.0465 -0.5873 0.8075 0.0291
1311874915.654537 -1.4194 -0.3048 1.3419 -0.0232 -0.6227 0.7820 0.0118
1311874915.990461 -1.4104 -0.3584 1.3006 -0.0015 -0.6673 0.7447 -0.0065
1311874916.322563 -1.3737 -0.4066 1.2557 -0.0303 0.7165 -0.6966 0.0224
1311874916.658422 -1.3170 -0.4631 1.2183 -0.0638 0.7622 -0.6430 0.0380
1311874916.990600 -1.2523 -0.5194 1.1888 -0.0751 0.8024 -0.5897 0.0526
1311874917.322572 -1.1942 -0.5544 1.1591 -0.1020 0.8223 -0.5579 0.0467
1311874917.660291 -1.1529 -0.5714 1.1494 -0.1252 0.8246 -0.5487 0.0574
1311874917.990461 -1.1154 -0.5949 1.1507 -0.1654 0.8140 -0.5507 0.0818
1311874918.322529 -1.0785 -0.6338 1.1556 -0.2122 0.8000 -0.5474 0.1241
1311874918.658350 -1.0451 -0.6846 1.1834 -0.2318 0.7662 -0.5709 0.1823
1311874918.990454 -1.0426 -0.7447 1.2186 -0.1913 0.7528 -0.5945 0.2080
1311874919.322716 -1.0706 -0.8136 1.2423 -0.1404 0.7503 -0.6223 0.1734
1311874919.658540 -1.0860 -0.8561 1.2620 -0.1010 0.7487 -0.6430 0.1255
1311874919.990565 -1.0591 -0.8663 1.2963 -0.1302 0.7175 -0.6755 0.1091
1311874920.322554 -0.9908 -0.8511 1.3192 0.1869 -0.6836 0.6897 -0.1481
1311874920.658357 -0.9157 -0.8213 1.3350 0.2315 -0.6577 0.6802 -0.2262
1311874920.990451 -0.8642 -0.7955 1.3485 0.2531 -0.6328 0.6812 -0.2674
1311874921.322620 -0.8417 -0.7907 1.3753 0.2457 -0.5957 0.7148 -0.2718
1311874921.658404 -0.8469 -0.8027 1.4133 0.2197 -0.5318 0.7730 -0.2672
1311874921.990626 -0.8566 -0.8294 1.4482 0.2014 -0.4523 0.8203 -0.2862
1311874922.322511 -0.8645 -0.8664 1.4812 0.1766 -0.3688 0.8701 -0.2753
1311874922.658361 -0.8802 -0.8808 1.5071 0.1417 -0.2598 0.9254 -0.2366
1311874922.990398 -0.8966 -0.8959 1.5148 0.1216 -0.2197 0.9520 -0.1749
1311874923.322376 -0.9255 -0.9105 1.5228 0.0977 -0.2097 0.9641 -0.1307
1311874923.658298 -0.9692 -0.9203 1.5342 0.0640 -0.1932 0.9777 -0.0525
1311874923.990851 -1.0142 -0.9256 1.5409 0.0389 -0.1780 0.9826 0.0364
1311874924.322327 -1.0487 -0.9240 1.5440 0.0361 -0.1563 0.9771 0.1395
1311874924.658341 -1.0687 -0.9154 1.5452 0.0381 -0.1344 0.9626 0.2320
1311874924.991357 -1.0897 -0.9180 1.5368 0.0256 -0.1875 0.9437 0.2712
1311874925.327022 -1.1032 -0.9233 1.5226 0.0092 -0.2466 0.9232 0.2947
1311874925.658380 -1.1088 -0.9380 1.5004 0.0056 -0.3304 0.9032 0.2738
1311874925.990255 -1.1123 -0.9607 1.4665 0.0013 -0.4207 0.8762 0.2350
1311874926.326517 -1.1154 -0.9803 1.4293 -0.0015 -0.5118 0.8354 0.2004
1311874926.658239 -1.1157 -0.9975 1.3843 -0.0006 -0.6042 0.7823 0.1516
1311874926.990288 -1.1034 -1.0033 1.3454 0.0204 -0.6636 0.7409 0.1014
1311874927.326385 -1.0788 -1.0050 1.3046 -0.0586 0.7097 -0.7008 -0.0420
1311874927.658268 -1.0399 -1.0006 1.2745 -0.1115 0.7281 -0.6762 0.0122
1311874927.991457 -0.9995 -0.9921 1.2480 -0.1565 0.7417 -0.6498 0.0563
1311874928.327506 -0.9529 -0.9796 1.2344 -0.2119 0.7348 -0.6366 0.0993
1311874928.659206 -0.9137 -0.9714 1.2292 -0.2501 0.7262 -0.6256 0.1369
1311874928.992081 -0.8800 -0.9600 1.2245 -0.2898 0.7140 -0.6158 0.1642
1311874929.326880 -0.8515 -0.9487 1.2198 -0.3271 0.7020 -0.6033 0.1906
1311874929.658276 -0.8290 -0.9438 1.2155 -0.3568 0.6919 -0.5898 0.2150
1311874929.994204 -0.7983 -0.9369 1.2117 -0.3930 0.6731 -0.5717 0.2563
1311874930.326221 -0.7631 -0.9203 1.2175 -0.4105 0.6562 -0.5594 0.2966
1311874930.661625 -0.7124 -0.9050 1.2338 -0.4185 0.6393 -0.5591 0.3217
1311874930.993652 -0.6480 -0.9001 1.2569 -0.4114 0.6244 -0.5737 0.3343
1311874931.328668 -0.5959 -0.8958 1.2706 -0.4027 0.6120 -0.5833 0.3508
1311874931.659051 -0.5596 -0.9036 1.2892 -0.3914 0.5994 -0.5883 0.3761
1311874931.991605 -0.5223 -0.9468 1.3189 0.3794 -0.5738 0.6032 -0.4037
1311874932.327480 -0.4940 -1.0069 1.3760 0.3631 -0.5120 0.6416 -0.4409
1311874932.658617 -0.4838 -1.0507 1.4182 0.3313 -0.4475 0.6791 -0.4783
1311874932.990219 -0.4841 -1.0680 1.4546 0.2644 -0.3660 0.7448 -0.4913
1311874933.327785 -0.4845 -1.0704 1.4858 0.2142 -0.3097 0.7829 -0.4953
1311874933.660820 -0.4816 -1.0624 1.5063 0.1925 -0.2720 0.8087 -0.4847
1311874933.990215 -0.4847 -1.0540 1.5246 0.1751 -0.2249 0.8459 -0.4509
1311874934.328187 -0.4909 -1.0548 1.5347 0.1509 -0.1970 0.8856 -0.3926
1311874934.658167 -0.4926 -1.0740 1.5258 0.1518 -0.2283 0.9076 -0.3181
1311874934.998542 -0.4904 -1.1157 1.4969 0.1558 -0.3167 0.8987 -0.2604
1311874935.326231 -0.4761 -1.1751 1.4456 0.1734 -0.4218 0.8570 -0.2398
1311874935.658190 -0.4609 -1.2478 1.4022 0.1808 -0.5141 0.8045 -0.2361
1311874935.995869 -0.4471 -1.3193 1.3624 0.2228 -0.5743 0.7475 -0.2486
1311874936.326164 -0.4308 -1.3777 1.3327 0.2576 -0.6101 0.7018 -0.2624
1311874936.658156 -0.4062 -1.4093 1.3011 0.2964 -0.6321 0.6621 -0.2724
1311874936.994188 -0.3566 -1.4068 1.2713 -0.3354 0.6534 -0.6154 0.2860
1311874937.326042 -0.2913 -1.3779 1.2608 -0.3822 0.6427 -0.5862 0.3119
1311874937.658131 -0.2303 -1.3590 1.2710 -0.4054 0.6250 -0.5699 0.3467
1311874937.994153 -0.1970 -1.3763 1.2732 -0.4181 0.6292 -0.5337 0.3801
1311874938.326119 -0.1767 -1.4466 1.2706 -0.4303 0.6218 -0.5231 0.3932
1311874938.658160 -0.1691 -1.5685 1.2794 -0.4431 0.6094 -0.5182 0.4047
1311874938.994011 -0.1786 -1.6835 1.2788 -0.4661 0.6023 -0.5002 0.4119
1311874939.326022 -0.1855 -1.7645 1.2818 -0.4651 0.6025 -0.5012 0.4117
1311874939.658066 -0.1797 -1.8212 1.2778 -0.4698 0.6005 -0.4885 0.4243
1311874939.994174 -0.1601 -1.8993 1.2812 -0.4823 0.5948 -0.4833 0.4243
1311874940.326315 -0.1266 -1.9773 1.2829 -0.4995 0.5823 -0.4744 0.4317
1311874940.658007 -0.0838 -2.0311 1.2831 -0.4971 0.5755 -0.4682 0.4500
1311874940.994093 -0.0305 -2.0812 1.2781 -0.5178 0.5545 -0.4434 0.4774
1311874941.325998 0.0407 -2.1479 1.2818 -0.5499 0.5192 -0.4177 0.5036
1311874941.658070 0.0980 -2.1878 1.2752 -0.5924 0.4790 -0.3902 0.5171
1311874941.993923 0.1432 -2.1700 1.2638 -0.6233 0.4454 -0.3595 0.5328
1311874942.325890 0.1850 -2.1059 1.2612 -0.6416 0.4184 -0.3378 0.5470
1311874942.657887 0.2422 -2.0118 1.2754 -0.6320 0.4081 -0.3367 0.5663
1311874942.994014 0.2954 -1.9271 1.3062 -0.6065 0.3983 -0.3541 0.5900
1311874943.325937 0.3283 -1.8793 1.3335 -0.5869 0.3871 -0.3708 0.6068
1311874943.658066 0.3737 -1.8538 1.3808 -0.5294 0.3476 -0.4129 0.6545
1311874943.993881 0.4218 -1.8441 1.4459 -0.4825 0.2854 -0.4493 0.6956
1311874944.325798 0.4463 -1.8464 1.4919 -0.4307 0.2306 -0.5023 0.7134
1311874944.661995 0.4550 -1.8326 1.5227 -0.3800 0.2142 -0.5357 0.7230
1311874944.994232 0.4504 -1.8099 1.5419 -0.3421 0.1956 -0.5581 0.7303
1311874945.325876 0.4464 -1.7937 1.5538 -0.2964 0.1618 -0.5890 0.7342
1311874945.661859 0.4401 -1.7855 1.5638 -0.2538 0.1367 -0.6025 0.7443
1311874945.993979 0.4354 -1.7867 1.5670 -0.2093 0.1164 -0.6223 0.7453
1311874946.325867 0.4258 -1.7896 1.5666 -0.1671 0.0998 -0.6285 0.7531
1311874946.662009 0.4269 -1.7847 1.5625 -0.1854 0.1256 -0.6237 0.7489
1311874946.993949 0.4388 -1.7626 1.5373 -0.2447 0.1597 -0.6312 0.7185
1311874947.325981 0.4547 -1.7403 1.5019 -0.3183 0.2187 -0.6123 0.6898
1311874947.661846 0.4771 -1.7350 1.4632 -0.3768 0.2884 -0.5886 0.6546
1311874947.993994 0.5241 -1.7295 1.4149 -0.4348 0.3436 -0.5503 0.6245
1311874948.325883 0.5986 -1.7273 1.3512 -0.5092 0.3931 -0.4838 0.5934
1311874948.661848 0.6791 -1.7354 1.2846 -0.5723 0.4226 -0.4291 0.5566
1311874948.993974 0.7410 -1.7404 1.2309 -0.6258 0.4388 -0.3721 0.5267
1311874949.325727 0.7788 -1.7327 1.1861 -0.6710 0.4299 -0.3372 0.5012
1311874949.661805 0.8023 -1.6947 1.1720 -0.6951 0.4071 -0.3151 0.5017
1311874949.993968 0.8406 -1.6261 1.1712 0.7106 -0.3911 0.3069 -0.4979
1311874950.325990 0.8834 -1.5368 1.1894 -0.7139 0.3837 -0.3037 0.5009
1311874950.661834 0.9192 -1.4478 1.2011 -0.7099 0.3709 -0.3048 0.5153
1311874950.993994 0.9546 -1.3645 1.2085 -0.7112 0.3521 -0.2940 0.5327
1311874951.326009 1.0220 -1.2739 1.1994 -0.7181 0.3248 -0.2846 0.5458
1311874951.661839 1.0973 -1.1961 1.2000 -0.7229 0.3117 -0.2689 0.5549
1311874951.993892 1.1490 -1.1387 1.2102 -0.7022 0.3237 -0.2821 0.5680
1311874952.325747 1.1776 -1.0919 1.2237 -0.6653 0.3703 -0.3052 0.5719
1311874952.661843 1.2009 -1.0523 1.2320 -0.6318 0.4229 -0.3472 0.5490
1311874952.993730 1.2158 -1.0581 1.2479 -0.5833 0.4783 -0.3956 0.5239
1311874953.329702 1.2367 -1.1199 1.2443 -0.5338 0.5377 -0.4518 0.4710
1311874953.661762 1.2839 -1.2018 1.2453 -0.4791 0.5834 -0.4929 0.4327
1311874953.993699 1.3301 -1.2744 1.2464 -0.4372 0.6160 -0.5148 0.4054
1311874954.329795 1.3494 -1.3085 1.2138 -0.4283 0.6575 -0.5079 0.3553
1311874954.661748 1.3571 -1.2596 1.1786 -0.4270 0.6902 -0.4852 0.3255
1311874954.993635 1.3746 -1.1543 1.1685 -0.4456 0.6822 -0.4693 0.3405
1311874955.329737 1.4032 -1.0499 1.1669 -0.4833 0.6529 -0.4488 0.3726
1311874955.661896 1.4441 -0.9604 1.1702 -0.5434 0.6072 -0.4139 0.4058
1311874955.993957 1.5027 -0.8901 1.1574 0.6066 -0.5497 0.3648 -0.4437
1311874956.329640 1.5486 -0.8317 1.1435 0.6768 -0.4729 0.3162 -0.4673
1311874956.661687 1.5409 -0.7787 1.1029 0.7524 -0.4066 0.2524 -0.4526
1311874956.993631 1.5049 -0.7175 1.0746 0.7975 -0.3476 0.2131 -0.4447
1311874957.329629 1.4689 -0.6330 1.1025 0.7941 -0.3084 0.2001 -0.4839
1311874957.662605 1.4454 -0.5422 1.1657 -0.7479 0.2886 -0.1858 0.5683
1311874957.994216 1.4371 -0.4785 1.2335 -0.7028 0.2567 -0.1749 0.6400
1311874958.329779 1.4635 -0.4310 1.2901 -0.6643 0.2203 -0.1515 0.6980
1311874958.661589 1.5121 -0.4105 1.3605 -0.5989 0.1710 -0.1313 0.7712
1311874958.994467 1.5528 -0.4251 1.4334 -0.4880 0.0935 -0.1630 0.8524
1311874959.329858 1.5767 -0.4397 1.4825 -0.3833 0.0686 -0.1927 0.9007
1311874959.661823 1.5510 -0.4520 1.5179 -0.2949 0.0543 -0.2324 0.9252
1311874959.993569 1.5198 -0.4678 1.5503 -0.2126 0.0435 -0.2564 0.9419
1311874960.329739 1.4978 -0.4680 1.5480 -0.1485 0.0301 -0.2672 0.9517
1311874960.661605 1.4714 -0.4690 1.5356 -0.1056 -0.0006 -0.3028 0.9472
1311874960.994216 1.4529 -0.4701 1.5377 -0.1024 -0.0125 -0.2861 0.9526
1311874961.329646 1.4533 -0.4491 1.5449 -0.1094 -0.0279 -0.2002 0.9732
1311874961.661453 1.4534 -0.4232 1.5511 -0.1044 -0.0436 -0.0807 0.9903
1311874961.997019 1.4452 -0.4087 1.5448 -0.1225 -0.0514 -0.0071 0.9911
1311874962.329512 1.4416 -0.3932 1.5373 -0.1179 -0.0717 0.0551 0.9889
1311874962.662291 1.4898 -0.3873 1.5324 -0.1284 -0.0747 -0.0058 0.9889
1311874962.997635 1.5331 -0.3795 1.5193 -0.1913 -0.0538 -0.0942 0.9755
1311874963.329478 1.5574 -0.3769 1.4904 -0.2585 -0.0091 -0.2026 0.9445
1311874963.661541 1.5695 -0.3924 1.4801 -0.2717 0.0254 -0.2903 0.9172
1311874963.998719 1.5747 -0.4082 1.4767 -0.2782 0.0458 -0.3344 0.8993
1311874964.329458 1.5901 -0.4199 1.4646 -0.3137 0.0715 -0.3586 0.8763
1311874964.661529 1.6062 -0.4221 1.4389 -0.3748 0.1079 -0.3434 0.8544
1311874964.997524 1.6098 -0.4147 1.4059 -0.4401 0.1203 -0.3080 0.8349
1311874965.329599 1.6130 -0.4013 1.3730 -0.5118 0.1364 -0.2702 0.8040
1311874965.663412 1.6216 -0.3936 1.3399 -0.5829 0.1569 -0.2432 0.7593
1311874965.997517 1.6241 -0.3906 1.3196 -0.6180 0.1615 -0.2257 0.7355
1311874966.332663 1.6183 -0.3865 1.2978 -0.6490 0.1536 -0.2082 0.7154
1311874966.664099 1.6214 -0.3809 1.2764 -0.6807 0.1386 -0.1882 0.6943
1311874966.997470 1.6279 -0.3672 1.2550 -0.7042 0.1162 -0.1542 0.6832
1311874967.332446 1.6354 -0.3432 1.2434 -0.7190 0.0785 -0.1094 0.6818
1311874967.664238 1.6172 -0.3170 1.2317 -0.7295 0.0253 -0.0539 0.6814
1311874968.000988 1.5749 -0.2856 1.2198 -0.7403 -0.0146 -0.0083 0.6721
1311874968.334619 1.5154 -0.2401 1.2073 -0.7489 -0.0485 0.0178 0.6607
1311874968.661516 1.4603 -0.1948 1.2145 -0.7509 -0.0528 0.0321 0.6575
1311874968.999645 1.4178 -0.1562 1.2130 -0.7506 -0.0643 0.0455 0.6560
1311874969.334102 1.3852 -0.1069 1.2059 -0.7524 -0.0980 0.0820 0.6462
1311874969.661451 1.3602 -0.0297 1.1996 -0.7416 -0.1546 0.1301 0.6397
1311874970.002678 1.3392 0.0439 1.1954 -0.7255 -0.2204 0.1805 0.6265
1311874970.329690 1.3060 0.0734 1.1949 -0.7054 -0.2768 0.2345 0.6090
1311874970.661644 1.2568 0.0792 1.1997 -0.6896 -0.3080 0.2718 0.5965
1311874970.997521 1.1909 0.0872 1.2228 -0.6631 -0.3235 0.2915 0.6089
1311874971.329515 1.1171 0.0999 1.2688 -0.6208 -0.3064 0.3195 0.6470
1311874971.668057 1.0634 0.1242 1.3207 -0.5660 -0.2995 0.3479 0.6848
1311874971.997488 1.0413 0.1516 1.3829 -0.5051 -0.2762 0.4001 0.7131
1311874972.329350 1.0414 0.1766 1.4412 -0.4301 -0.2344 0.4432 0.7507
1311874972.665423 1.0425 0.1854 1.4808 -0.3644 -0.1986 0.4511 0.7901
1311874972.997609 1.0487 0.1745 1.5125 -0.2762 -0.1698 0.4555 0.8291
1311874973.329456 1.0618 0.1672 1.5320 -0.2141 -0.1388 0.4580 0.8516
1311874973.665475 1.0815 0.1637 1.5511 -0.1639 -0.0981 0.4535 0.8705
1311874973.997478 1.1039 0.1559 1.5652 -0.1214 -0.0634 0.4564 0.8791
1311874974.329292 1.1272 0.1574 1.5747 -0.0822 -0.0356 0.4322 0.8973
1311874974.665437 1.1432 0.1622 1.5720 -0.0723 -0.0496 0.3856 0.9185
1311874974.997486 1.1666 0.1878 1.5676 -0.0812 -0.0576 0.2978 0.9494
1311874975.329383 1.2005 0.2161 1.5633 -0.1083 -0.0590 0.2128 0.9693
1311874975.665421 1.2239 0.2217 1.5563 -0.1144 -0.0620 0.1684 0.9771
1311874975.997386 1.2225 0.2167 1.5560 -0.1219 -0.0590 0.1831 0.9737
1311874976.330357 1.1974 0.2002 1.5611 -0.1291 -0.0546 0.2374 0.9612
1311874976.665423 1.1825 0.1954 1.5542 -0.1545 -0.0814 0.2388 0.9552
1311874976.997397 1.1885 0.2096 1.5393 -0.1826 -0.0960 0.1973 0.9584
1311874977.329443 1.2042 0.2345 1.5214 -0.2311 -0.0915 0.1637 0.9547
1311874977.665244 1.2018 0.2667 1.4818 -0.3353 -0.1131 0.1516 0.9229
1311874977.997352 1.1946 0.2959 1.4446 -0.4264 -0.1263 0.1642 0.8805
1311874978.329256 1.1858 0.3100 1.4068 -0.4967 -0.1516 0.1815 0.8351
1311874978.665156 1.1833 0.3294 1.3758 -0.5577 -0.1589 0.1992 0.7900
1311874978.997341 1.1767 0.3453 1.3401 -0.5988 -0.1803 0.2099 0.7516
1311874979.329365 1.1660 0.3666 1.3065 -0.6237 -0.2133 0.2292 0.7162
1311874979.665200 1.1459 0.3886 1.2738 -0.6413 -0.2569 0.2637 0.6731
1311874979.997316 1.1153 0.3930 1.2600 -0.6494 -0.2914 0.2838 0.6425
1311874980.329342 1.0548 0.4015 1.2521 -0.6475 -0.3160 0.2986 0.6259
1311874980.665357 0.9685 0.4187 1.2606 -0.6338 -0.3383 0.3205 0.6173
1311874980.997427 0.8961 0.4358 1.2583 -0.6304 -0.3482 0.3329 0.6087
1311874981.333334 0.8270 0.4665 1.2544 -0.6162 -0.3763 0.3663 0.5870
1311874981.665124 0.7525 0.5211 1.2416 -0.5813 -0.4361 0.4117 0.5499
1311874981.997288 0.6989 0.5554 1.2188 -0.5561 -0.4977 0.4319 0.5065
1311874982.333261 0.6624 0.5499 1.1968 0.5333 0.5469 -0.4489 -0.4637
1311874982.665252 0.6259 0.5192 1.1920 0.5123 0.5763 -0.4682 -0.4316
1311874982.997259 0.5775 0.4837 1.2167 0.4907 0.5676 -0.4924 -0.4412
1311874983.333543 0.5431 0.4510 1.2628 0.4687 0.5355 -0.5288 -0.4625
1311874983.665816 0.5220 0.4456 1.3042 -0.4386 -0.5181 0.5582 0.4771
1311874983.997325 0.5020 0.4626 1.3548 -0.4030 -0.4916 0.5902 0.4976
1311874984.333242 0.4892 0.4747 1.3924 -0.3735 -0.4647 0.6146 0.5165
1311874984.666175 0.4873 0.4773 1.4445 -0.3282 -0.4193 0.6498 0.5425
1311874984.997327 0.4928 0.4832 1.4924 -0.2912 -0.3747 0.6778 0.5616
1311874985.333129 0.4963 0.4825 1.5250 -0.2633 -0.3535 0.6952 0.5678
1311874985.665046 0.5059 0.4846 1.5563 -0.2353 -0.3325 0.7099 0.5745
1311874985.997150 0.5211 0.4943 1.5854 -0.2151 -0.3001 0.7253 0.5811
1311874986.333038 0.5395 0.5085 1.6169 -0.1891 -0.2563 0.7376 0.5954
1311874986.665368 0.5492 0.5182 1.6381 -0.1594 -0.2228 0.7387 0.6158
1311874986.997035 0.5663 0.5318 1.6507 -0.1292 -0.1953 0.7572 0.6097
1311874987.333043 0.5579 0.5442 1.6439 -0.1230 -0.2000 0.7676 0.5963
1311874987.665208 0.5385 0.5374 1.6279 -0.1256 -0.2278 0.7909 0.5539
1311874987.997157 0.5250 0.4970 1.6184 -0.1189 -0.2479 0.8168 0.5072
1311874988.333042 0.5150 0.4275 1.6242 -0.0977 -0.2547 0.8378 0.4730
1311874988.665207 0.5064 0.3677 1.6220 -0.0969 -0.2639 0.8467 0.4517
1311874988.997121 0.4982 0.3204 1.6009 -0.1005 -0.2926 0.8563 0.4135
1311874989.333156 0.4795 0.2891 1.5866 -0.0967 -0.3164 0.8711 0.3629
1311874989.664994 0.4471 0.2653 1.5621 -0.0932 -0.3556 0.8705 0.3272
1311874989.997043 0.4138 0.2469 1.5284 -0.1006 -0.4049 0.8587 0.2978
1311874990.332969 0.3829 0.2296 1.4764 -0.1201 -0.4694 0.8283 0.2812
1311874990.665100 0.3634 0.2122 1.4264 -0.1328 -0.5208 0.7980 0.2726
1311874991.001137 0.3567 0.2089 1.3853 -0.1455 -0.5558 0.7751 0.2629
1311874991.333070 0.3521 0.2166 1.3345 -0.1717 -0.6025 0.7379 0.2512
1311874991.665109 0.3508 0.2263 1.3019 -0.1929 -0.6287 0.7102 0.2512
1311874992.000968 0.3432 0.2377 1.2779 -0.2282 -0.6463 0.6822 0.2544
1311874992.332968 0.3316 0.2508 1.2695 -0.2526 -0.6449 0.6685 0.2709
1311874992.665033 0.3153 0.2763 1.2654 -0.2903 -0.6365 0.6517 0.2929
1311874993.000927 0.2922 0.3158 1.2667 -0.3302 -0.6132 0.6351 0.3341
1311874993.333059 0.2804 0.3565 1.2706 -0.3719 -0.5885 0.6154 0.3696
1311874993.665033 0.2720 0.3937 1.2731 -0.4059 -0.5640 0.5976 0.4000
1311874994.000906 0.2702 0.4301 1.2744 -0.4366 -0.5406 0.5775 0.4285
1311872149.052080 0.0632 -0.5474 1.2052 -0.7064 -0.3841 0.3132 0.5054
1311872149.719880 0.0709 -0.4762 1.1961 0.6903 0.4351 -0.3502 -0.4599
1311872150.387987 0.0945 -0.3570 1.2072 0.6517 0.4947 -0.3771 -0.4339
1311872151.052003 0.0988 -0.2562 1.2171 0.6007 0.5190 -0.4317 -0.4284
1311872151.720017 0.1051 -0.2032 1.2132 0.5796 0.5455 -0.4464 -0.4089
1311872152.387952 0.1195 -0.1515 1.2140 0.5610 0.5648 -0.4585 -0.3949
1311872153.052022 0.1348 -0.0898 1.2098 0.5453 0.5790 -0.4638 -0.3901
1311872153.719952 0.1285 -0.0426 1.2044 0.5415 0.5836 -0.4719 -0.3787
1311872154.387931 0.1169 0.0163 1.1980 0.5168 0.6101 -0.4811 -0.3593
1311872155.052029 0.0924 0.0671 1.1980 0.4943 0.6312 -0.4918 -0.3396
1311872155.720057 0.0812 0.0930 1.1971 0.4770 0.6508 -0.4930 -0.3254
1311872156.387841 0.0739 0.1251 1.2040 0.4734 0.6489 -0.4982 -0.3265
1311872157.055993 0.0649 0.1494 1.2054 0.4615 0.6553 -0.5047 -0.3208
1311872157.719842 0.0530 0.1856 1.2060 0.4495 0.6635 -0.5102 -0.3121
1311872158.387775 0.0376 0.2222 1.2054 0.4307 0.6775 -0.5202 -0.2915
1311872159.055810 0.0196 0.2812 1.2053 0.4080 0.6927 -0.5271 -0.2754
1311872159.719760 0.0155 0.3289 1.2089 0.3990 0.6969 -0.5314 -0.2696
1311872160.387780 0.0142 0.3809 1.2075 0.3908 0.7002 -0.5364 -0.2631
1311872161.055773 0.0020 0.4123 1.2021 0.3541 0.7123 -0.5495 -0.2554
1311872161.719746 -0.0234 0.4228 1.2030 0.3244 0.7114 -0.5757 -0.2392
1311872162.387802 -0.0474 0.4507 1.1994 0.3022 0.7254 -0.5825 -0.2077
1311872163.055792 -0.0889 0.4773 1.2008 0.2727 0.7359 -0.5937 -0.1779
1311872163.719776 -0.1524 0.5043 1.2071 0.2373 0.7516 -0.5954 -0.1560
1311872164.387696 -0.1922 0.5147 1.2089 0.2222 0.7553 -0.6023 -0.1321
1311872165.055606 -0.2472 0.5501 1.2026 0.1835 0.7671 -0.6068 -0.0984
1311872165.723686 -0.3154 0.5853 1.1969 0.1297 0.7811 -0.6081 -0.0574
1311872166.387808 -0.3683 0.6364 1.1975 0.0988 0.7833 -0.6124 -0.0401
1311872167.055548 -0.4283 0.6482 1.1912 0.1014 0.7846 -0.6104 -0.0394
1311872167.723783 -0.5204 0.6239 1.1818 0.0724 0.7972 -0.5993 -0.0000
1311872168.387650 -0.5822 0.6178 1.1798 0.0241 0.8045 -0.5923 0.0366
1311872169.055561 -0.6332 0.6116 1.1842 0.0136 0.8022 -0.5945 0.0541
1311872169.723630 -0.6985 0.6036 1.1868 -0.0257 0.8037 -0.5897 0.0747
1311872170.387665 -0.7626 0.5937 1.1827 -0.0727 0.8032 -0.5814 0.1072
1311872171.055684 -0.8431 0.5923 1.1869 -0.1179 0.7957 -0.5783 0.1357
1311872171.723633 -0.8999 0.6006 1.1767 -0.1545 0.7919 -0.5705 0.1535
1311872172.387613 -0.9347 0.5741 1.1754 -0.1787 0.7890 -0.5635 0.1671
1311872173.055842 -0.9799 0.5404 1.1724 -0.1997 0.7876 -0.5535 0.1827
1311872173.723501 -1.0389 0.4947 1.1776 -0.2395 0.7743 -0.5477 0.2074
1311872174.391438 -1.0755 0.4521 1.1860 -0.2541 0.7704 -0.5419 0.2198
1311872175.055768 -1.1168 0.4067 1.1863 -0.2758 0.7634 -0.5318 0.2416
1311872175.723347 -1.1798 0.3522 1.1885 -0.3244 0.7450 -0.5173 0.2685
1311872176.391378 -1.2368 0.3130 1.1886 -0.3791 0.7203 -0.4979 0.2992
1311872177.055429 -1.2540 0.2779 1.1761 -0.4147 0.6966 -0.4882 0.3232
1311872177.723413 -1.2639 0.2245 1.1813 -0.4263 0.6873 -0.4886 0.3274
1311872178.392085 -1.2685 0.1701 1.1838 -0.4417 0.6806 -0.4748 0.3409
1311872179.057866 -1.2765 0.0956 1.1890 -0.4647 0.6682 -0.4543 0.3623
1311872179.725738 -1.2799 0.0312 1.1969 -0.4744 0.6604 -0.4423 0.3783
1311872180.391312 -1.2786 -0.0176 1.1988 -0.4927 0.6438 -0.4281 0.3993
1311872181.057915 -1.2875 -0.0794 1.2005 -0.5318 0.6157 -0.4053 0.4169
1311872181.725596 -1.2925 -0.1381 1.2023 -0.5660 0.5844 -0.3805 0.4397
1311872182.394114 -1.3284 -0.2215 1.2019 0.5991 -0.5562 0.3629 -0.4472
1311872183.061942 -1.3290 -0.2668 1.1909 0.6173 -0.5403 0.3424 -0.4580
1311872183.723478 -1.3178 -0.3296 1.1910 0.6500 -0.5121 0.3240 -0.4586
1311872184.391205 -1.2978 -0.3838 1.1971 0.6643 -0.4920 0.3073 -0.4713
1311872185.060147 -1.2774 -0.4312 1.2039 0.6727 -0.4627 0.2984 -0.4943
1311872185.723463 -1.2690 -0.4778 1.2089 -0.6883 0.4317 -0.2813 0.5107
1311872186.391340 -1.2571 -0.5592 1.2133 -0.7105 0.4021 -0.2573 0.5171
1311872187.059318 -1.2529 -0.6266 1.2215 -0.7216 0.3724 -0.2374 0.5331
1311872187.723383 -1.2585 -0.6948 1.2214 -0.7300 0.3486 -0.2285 0.5417
1311872188.391227 -1.2379 -0.7284 1.2210 -0.7292 0.3291 -0.2312 0.5537
1311872189.059209 -1.1976 -0.7546 1.2232 -0.7403 0.2997 -0.2101 0.5639
1311872189.723086 -1.1512 -0.7771 1.2232 -0.7452 0.2869 -0.1852 0.5728
1311872190.391240 -1.1013 -0.8042 1.2263 -0.7551 0.2674 -0.1597 0.5769
1311872191.059266 -1.0549 -0.8313 1.2364 -0.7592 0.2565 -0.1459 0.5801
1311872191.723261 -1.0210 -0.8799 1.2380 -0.7688 0.2251 -0.1182 0.5867
1311872192.391275 -0.9716 -0.9256 1.2346 -0.7782 0.1984 -0.1120 0.5852
1311872193.059240 -0.9190 -0.9541 1.2261 -0.7818 0.1705 -0.1035 0.5907
1311872193.727121 -0.8720 -0.9862 1.2205 -0.7753 0.1609 -0.1084 0.6011
1311872194.391199 -0.8276 -0.9977 1.2324 -0.7757 0.1426 -0.0951 0.6074
1311872195.059191 -0.7627 -0.9710 1.2284 -0.7823 0.1167 -0.0658 0.6083
1311872195.727129 -0.7093 -0.9449 1.2320 -0.7860 0.0778 -0.0264 0.6128
1311872196.391015 -0.6513 -0.9200 1.2521 -0.7833 0.0589 0.0003 0.6188
1311872197.059082 -0.5898 -0.9139 1.2598 -0.7682 0.0473 0.0069 0.6385
1311872197.727105 -0.5221 -0.9221 1.2610 -0.7838 0.0164 0.0310 0.6201
1311872198.391062 -0.4672 -0.9395 1.2696 -0.7666 0.0027 0.0551 0.6397
1311872199.059024 -0.4205 -0.9394 1.2799 -0.7570 -0.0035 0.0669 0.6500
1311872199.726919 -0.3882 -0.9458 1.2793 -0.7555 -0.0477 0.1000 0.6457
1311872200.391086 -0.3420 -0.9458 1.2679 -0.7605 -0.0862 0.1043 0.6351
1311872201.059522 -0.3002 -0.9310 1.2631 -0.7667 -0.1513 0.1391 0.6082
1311872201.727080 -0.2494 -0.9063 1.2690 -0.7657 -0.1786 0.1563 0.5979
1311872202.395037 -0.2164 -0.8795 1.2782 -0.7612 -0.1828 0.1649 0.6000
1311872203.059078 -0.1611 -0.8663 1.2804 -0.7498 -0.2213 0.1985 0.5912
1311872203.727138 -0.0927 -0.8381 1.2749 -0.7373 -0.2604 0.2296 0.5796
1311872204.395124 -0.0107 -0.7937 1.2741 -0.7212 -0.3100 0.2610 0.5618
1311872205.058985 0.0371 -0.7594 1.2708 -0.7067 -0.3366 0.2860 0.5527
1311872205.727074 0.0639 -0.6786 1.2689 -0.6910 -0.3765 0.3057 0.5361
1311872206.394969 0.0857 -0.5839 1.2740 -0.6668 -0.4160 0.3385 0.5175
1311872207.060727 0.1005 -0.5232 1.2912 -0.6511 -0.4325 0.3553 0.5126
1311872207.726909 0.0980 -0.4531 1.3052 0.6330 0.4655 -0.3821 -0.4864
1311872208.394809 0.1182 -0.3902 1.3268 0.6001 0.5126 -0.4003 -0.4658
1311872209.059163 0.1496 -0.3343 1.3510 0.5858 0.5394 -0.4075 -0.4470
1311872209.727210 0.1283 -0.2813 1.3616 0.5775 0.5517 -0.4166 -0.4343
1311872210.394881 0.1072 -0.2163 1.3914 0.5713 0.5684 -0.4324 -0.4045
1311872211.062805 0.0929 -0.1668 1.4237 0.5749 0.6151 -0.3940 -0.3686
1311872211.726646 0.0856 -0.1367 1.4395 0.5808 0.6215 -0.3919 -0.3505
1311872212.394603 0.0777 -0.0920 1.4589 0.5391 0.6485 -0.4042 -0.3542
1311872213.062789 0.0575 -0.0097 1.4927 0.5257 0.6723 -0.4297 -0.2950
1311872213.726656 0.0745 0.0564 1.5038 0.4828 0.6968 -0.4544 -0.2736
1311872214.394847 0.0533 0.1167 1.4850 0.4652 0.7066 -0.4729 -0.2463
1311872215.062736 0.0354 0.1201 1.4751 0.4506 0.7139 -0.4835 -0.2317
1311872215.726724 0.0497 0.1010 1.4740 0.4755 0.7044 -0.4625 -0.2526
1311872216.398512 0.0755 0.0708 1.4846 0.5071 0.6734 -0.4566 -0.2845
1311872217.066592 0.0936 0.0016 1.4872 0.5471 0.6390 -0.4443 -0.3083
1311872217.726817 0.1185 -0.1271 1.4766 0.6080 0.5795 -0.4036 -0.3628
1311872218.396460 0.0681 -0.2054 1.4557 0.6400 0.5418 -0.3746 -0.3957
1311872219.065388 0.0240 -0.3172 1.4990 0.6873 0.5034 -0.3432 -0.3955
1311872219.733637 -0.0056 -0.4622 1.5016 0.7433 0.4417 -0.2996 -0.4032
1311872220.394701 -0.0526 -0.5521 1.4966 0.7660 0.4109 -0.2662 -0.4165
1311872221.062571 -0.1086 -0.6255 1.5117 0.8139 0.3603 -0.2331 -0.3916
1311872221.730851 -0.1862 -0.7237 1.5192 0.8356 0.3112 -0.1922 -0.4099
1311872222.394528 -0.2636 -0.8751 1.5197 0.8707 0.2220 -0.1543 -0.4109
1311872223.062658 -0.3300 -0.9554 1.5124 0.8818 0.1732 -0.1212 -0.4216
1311872223.730758 -0.4501 -0.9864 1.5069 0.8968 0.0827 -0.0744 -0.4283
1311872224.394457 -0.5634 -0.9735 1.5160 0.8939 -0.0077 -0.0351 -0.4467
1311872225.062587 -0.6733 -0.9672 1.5110 0.8896 -0.1344 0.0190 -0.4361
1311872225.730564 -0.8027 -0.9239 1.4974 0.8773 -0.2022 0.0330 -0.4341
1311872226.394583 -0.9042 -0.8660 1.5043 0.8677 -0.2436 0.0615 -0.4288
1311872227.062708 -0.9984 -0.8012 1.5079 0.8455 -0.3061 0.0979 -0.4265
1311872227.730506 -1.0774 -0.7182 1.4996 0.8132 -0.3890 0.1336 -0.4118
1311872228.398469 -1.1091 -0.6235 1.4837 0.7785 -0.4498 0.1582 -0.4082
1311872229.062556 -1.1229 -0.5086 1.4652 0.7425 -0.5131 0.1734 -0.3942
1311872229.730498 -1.1531 -0.4003 1.4526 0.7132 -0.5498 0.2275 -0.3705
1311872230.398372 -1.2129 -0.3085 1.4681 0.6632 -0.6082 0.2595 -0.3505
1311872231.062437 -1.2230 -0.2173 1.4626 -0.6319 0.6370 -0.2866 0.3359
1311872231.730408 -1.2060 -0.1195 1.4554 -0.5729 0.6922 -0.3136 0.3069
1311872232.398474 -1.2239 -0.0213 1.4680 -0.5422 0.7111 -0.3490 0.2803
1311872233.062264 -1.2436 0.0906 1.4689 -0.4714 0.7568 -0.3761 0.2522
1311872233.730334 -1.2238 0.1680 1.4667 -0.4286 0.7840 -0.3880 0.2261
1311872234.398259 -1.1713 0.2437 1.4872 -0.3586 0.8146 -0.4048 0.2099
1311872235.062470 -1.1340 0.3004 1.4970 -0.3202 0.8255 -0.4318 0.1718
1311872235.730340 -1.0857 0.4079 1.4818 -0.2755 0.8409 -0.4476 0.1289
1311872236.398429 -1.0329 0.4922 1.4753 -0.2305 0.8557 -0.4517 0.1033
1311872237.062346 -0.9356 0.5260 1.4607 -0.1618 0.8733 -0.4534 0.0754
1311872237.730400 -0.8291 0.5199 1.4317 -0.1127 0.8837 -0.4515 0.0509
1311872238.398373 -0.7352 0.5300 1.4737 -0.0194 0.8966 -0.4418 0.0239
1311872239.066332 -0.6687 0.5180 1.4783 0.0687 0.8986 -0.4329 -0.0188
1311872239.730219 -0.5742 0.4941 1.4655 0.1118 0.8932 -0.4336 -0.0405
1311872240.398404 -0.5072 0.4835 1.4750 0.1533 0.8807 -0.4442 -0.0592
1311872241.066326 -0.4107 0.4998 1.4753 0.2070 0.8683 -0.4444 -0.0761
1311872241.730267 -0.3180 0.5212 1.4685 0.2529 0.8601 -0.4318 -0.0991
1311872242.398320 -0.2421 0.4767 1.4615 0.2878 0.8466 -0.4309 -0.1217
1311872243.066255 -0.1779 0.4088 1.4493 0.3464 0.8232 -0.4231 -0.1524
1311872243.730071 -0.1220 0.3431 1.4583 0.3804 0.8047 -0.4151 -0.1884
1311872244.398528 -0.0236 0.2709 1.4605 0.4382 0.7764 -0.4007 -0.2112
1311872245.066059 0.0402 0.2175 1.4586 0.4850 0.7456 -0.3928 -0.2335
1311872245.730257 0.0622 0.1467 1.4499 0.5132 0.7163 -0.3954 -0.2590
1311872246.398142 0.0923 0.0863 1.4228 0.5443 0.6706 -0.4175 -0.2823
1311872247.066092 0.1834 0.0432 1.3650 0.5566 0.6340 -0.4403 -0.3071
1311872247.734056 0.2677 0.0087 1.3306 0.5345 0.6001 -0.4806 -0.3511
1311877977.077520 -1.8476 2.9446 0.5268 -0.6810 -0.2887 0.2888 0.6078
1311877977.745353 -1.8455 2.9468 0.5267 -0.6854 -0.2736 0.2778 0.6150
1311877978.413262 -1.8351 2.9521 0.5265 -0.7091 -0.2073 0.2145 0.6389
1311877979.077393 -1.8273 2.9584 0.5254 -0.7304 -0.1383 0.1452 0.6529
1311877979.746035 -1.8197 2.9712 0.5249 -0.7439 -0.0653 0.0786 0.6604
1311877980.413272 -1.8108 2.9766 0.5244 -0.7487 0.0037 0.0114 0.6628
1311877981.078382 -1.7992 2.9823 0.5254 -0.7444 0.0725 -0.0557 0.6614
1311877981.745381 -1.7842 2.9877 0.5263 -0.7326 0.1463 -0.1219 0.6534
1311877982.413359 -1.7596 3.0033 0.5256 -0.7119 0.2284 -0.1965 0.6344
1311877983.077698 -1.7336 3.0172 0.5239 -0.6877 0.2984 -0.2629 0.6074
1311877983.745341 -1.7032 3.0257 0.5231 -0.6579 0.3619 -0.3187 0.5785
1311877984.413261 -1.6789 3.0250 0.5234 -0.6170 0.4231 -0.3768 0.5462
1311877985.077649 -1.6549 3.0187 0.5231 -0.5718 0.4809 -0.4304 0.5064
1311877985.745681 -1.6043 3.0104 0.5232 -0.5200 0.5354 -0.4814 0.4596
1311877986.413806 -1.5387 2.9876 0.5250 -0.4574 0.5795 -0.5335 0.4126
1311877987.081284 -1.3902 2.9131 0.5251 -0.3813 0.6295 -0.5832 0.3437
1311877987.746043 -1.2384 2.7873 0.5273 -0.2958 0.6735 -0.6232 0.2657
1311877988.413342 -1.1253 2.6189 0.5293 -0.2058 0.7074 -0.6499 0.1865
1311877989.081595 -1.0567 2.4298 0.5301 -0.1125 0.7278 -0.6681 0.1063
1311877989.745308 -1.0191 2.2573 0.5309 -0.0871 0.7272 -0.6759 0.0819
1311877990.413154 -0.9858 2.1229 0.5329 -0.1010 0.7242 -0.6752 0.0971
1311877991.081282 -0.9546 1.9903 0.5316 -0.1015 0.7331 -0.6652 0.0988
1311877991.745535 -0.9159 1.8554 0.5340 -0.1085 0.7305 -0.6658 0.1059
1311877992.415261 -0.8629 1.7222 0.5360 -0.1578 0.7245 -0.6535 0.1524
1311877993.081979 -0.7906 1.6100 0.5387 -0.2166 0.7078 -0.6408 0.2036
1311877993.749718 -0.6806 1.4995 0.5420 -0.2947 0.6683 -0.6245 0.2765
1311877994.413234 -0.5367 1.4005 0.5428 -0.3698 0.6359 -0.5846 0.3421
1311877995.082149 -0.3769 1.3394 0.5443 -0.4392 0.5975 -0.5412 0.3964
1311877995.749212 -0.2117 1.3067 0.5450 -0.4889 0.5537 -0.5050 0.4465
1311877996.412924 -0.0340 1.3099 0.5451 0.5447 -0.4956 0.4562 -0.4995
1311877997.081207 0.1446 1.3509 0.5436 -0.5982 0.4335 -0.3953 0.5460
1311877997.749580 0.3016 1.4270 0.5411 -0.6411 0.3682 -0.3363 0.5834
1311877998.413085 0.4528 1.5156 0.5390 -0.6439 0.3672 -0.3332 0.5827
1311877999.081058 0.6079 1.5640 0.5388 -0.5932 0.4449 -0.4030 0.5364
1311877999.748966 0.7683 1.5720 0.5388 0.5303 -0.5161 0.4694 -0.4817
1311878000.413021 0.8957 1.5503 0.5389 -0.4811 0.5603 -0.5115 0.4394
1311878001.081133 0.8939 1.5515 0.5389 -0.4809 0.5588 -0.5124 0.4404
1311878001.749059 0.8939 1.5516 0.5389 -0.4808 0.5585 -0.5127 0.4406
1311878002.413052 0.8938 1.5516 0.5389 -0.4808 0.5586 -0.5126 0.4405
1311878003.080951 0.8939 1.5537 0.5387 -0.4915 0.5497 -0.5038 0.4500
1311878003.748939 0.8947 1.5584 0.5388 -0.5181 0.5298 -0.4788 0.4708
1311878004.416857 0.8958 1.5581 0.5384 -0.5184 0.5303 -0.4786 0.4701
1311878005.080831 0.8952 1.5581 0.5386 -0.5175 0.5286 -0.4797 0.4719
1311878005.748908 0.8951 1.5586 0.5389 -0.5173 0.5281 -0.4797 0.4726
1311878006.416765 0.9223 1.5569 0.5387 -0.5200 0.5256 -0.4781 0.4742
1311878007.081149 0.9383 1.5557 0.5387 -0.5183 0.5271 -0.4795 0.4728
1311878007.748630 0.9692 1.5424 0.5389 -0.4667 0.5695 -0.5241 0.4279
1311878008.416884 1.0024 1.5307 0.5380 -0.4437 0.5891 -0.5402 0.4052
1311878009.080686 1.0583 1.5144 0.5399 -0.4431 0.5830 -0.5435 0.4104
1311878009.748775 1.1538 1.4742 0.5394 -0.4056 0.6145 -0.5658 0.3711
1311878010.416761 1.2100 1.4237 0.5411 -0.3244 0.6599 -0.6069 0.3017
1311878011.080772 1.2611 1.3691 0.5428 -0.2870 0.6735 -0.6241 0.2730
1311878011.748974 1.3141 1.3066 0.5438 -0.2557 0.6849 -0.6384 0.2408
1311878012.416842 1.3832 1.2106 0.5437 -0.2214 0.7015 -0.6453 0.2063
1311878013.084907 1.4436 1.1065 0.5460 -0.1922 0.7109 -0.6524 0.1791
1311878013.748836 1.4798 1.0542 0.5457 -0.2318 0.7039 -0.6360 0.2152
1311878014.416698 1.4997 1.0480 0.5460 -0.2970 0.6800 -0.6131 0.2710
1311878015.084670 1.5084 1.0608 0.5467 -0.3834 0.6334 -0.5754 0.3474
1311878015.748581 1.5144 1.0707 0.5452 -0.4610 0.5818 -0.5235 0.4183
1311878016.416707 1.5146 1.0859 0.5459 0.5310 -0.5167 0.4682 -0.4814
1311878017.086091 1.5606 1.0919 0.5457 0.5438 -0.5005 0.4587 -0.4933
1311878017.749039 1.6554 1.0759 0.5453 -0.4832 0.5578 -0.5128 0.4387
1311878018.416635 1.7422 1.0331 0.5467 -0.4045 0.6143 -0.5670 0.3710
1311878019.084675 1.8445 0.9542 0.5490 -0.3204 0.6627 -0.6096 0.2942
1311878019.748803 1.9248 0.8512 0.5516 -0.2304 0.6960 -0.6448 0.2162
1311878020.416806 1.9937 0.6918 0.5542 -0.1360 0.7198 -0.6672 0.1348
1311878021.084803 2.0523 0.5221 0.5559 -0.1257 0.7232 -0.6677 0.1237
1311878021.752779 2.1134 0.3421 0.5574 -0.1190 0.7266 -0.6669 0.1144
1311878022.416871 2.1532 0.1583 0.5608 -0.0592 0.7325 -0.6755 0.0608
1311878023.084662 2.1525 -0.0337 0.5653 0.0149 0.7309 -0.6823 -0.0084
1311878023.752977 2.1395 -0.2047 0.5631 0.0149 0.7407 -0.6717 -0.0037
1311878024.416955 2.1276 -0.3742 0.5635 0.0230 0.7406 -0.6715 -0.0121
1311878025.084577 2.0982 -0.5588 0.5677 0.0671 0.7332 -0.6747 -0.0520
1311878025.756406 2.0371 -0.7505 0.5690 0.1276 0.7263 -0.6668 -0.1080
1311878026.417748 1.9330 -0.9157 0.5704 0.2226 0.7002 -0.6512 -0.1902
1311878027.084560 1.7901 -1.0525 0.5701 0.3097 0.6717 -0.6169 -0.2690
1311878027.752515 1.6198 -1.1491 0.5711 0.3975 0.6267 -0.5707 -0.3516
1311878028.421635 1.4264 -1.1997 0.5707 0.4704 0.5700 -0.5262 -0.4206
1311878029.087518 1.2299 -1.1968 0.5703 0.5420 0.5075 -0.4632 -0.4839
1311878029.754312 1.0507 -1.1445 0.5700 -0.5988 -0.4399 0.4086 0.5301
1311878030.416387 1.0099 -1.1310 0.5706 -0.5997 -0.4340 0.4070 0.5351
1311878031.086629 1.0111 -1.1237 0.5709 -0.6251 -0.3965 0.3717 0.5603
1311878031.752338 1.0153 -1.1118 0.5708 -0.6692 -0.3208 0.3008 0.5990
1311878032.421185 1.0153 -1.1112 0.5706 -0.6692 -0.3216 0.3023 0.5978
1311878033.084350 1.0113 -1.1199 0.5706 -0.6394 -0.3761 0.3523 0.5706
1311878036.419249 1.0124 -1.1820 0.5727 0.2971 0.6714 -0.6252 -0.2650
1311878037.087133 1.0120 -1.1917 0.5722 0.2481 0.6918 -0.6419 -0.2184
1311878040.004653 0.8660 -1.3707 0.5750 0.2420 0.6832 -0.6520 -0.2228
1311878041.233132 0.7576 -1.4894 0.5750 0.2761 0.6822 -0.6303 -0.2473
1311878042.498149 0.6215 -1.5687 0.5757 0.3883 0.6232 -0.5796 -0.3535
1311878043.737074 0.4345 -1.5974 0.5758 0.5047 0.5402 -0.4975 -0.4538
1311878045.003856 0.2318 -1.5370 0.5767 -0.6164 -0.4044 0.3776 0.5603
1311878046.241672 0.0533 -1.3738 0.5771 -0.6902 -0.2597 0.2503 0.6274
1311878047.340663 -0.0862 -1.1625 0.5785 -0.7041 -0.2147 0.2108 0.6432
1311878048.509210 -0.2654 -0.8871 0.5712 -0.7017 -0.2100 0.2158 0.6457
1311878049.605665 -0.4392 -0.6446 0.5675 -0.7081 -0.2197 0.2058 0.6387
1311878050.745283 -0.6133 -0.3823 0.5644 -0.7081 -0.2168 0.2066 0.6395
1311878051.777214 -0.7729 -0.1366 0.5630 -0.7053 -0.2148 0.2073 0.6430
1311878053.044771 -0.9224 0.1922 0.5612 -0.7321 -0.1049 0.1048 0.6649
1311878054.213190 -0.9672 0.5366 0.5528 -0.7496 -0.0339 0.0387 0.6599
1311878055.281573 -0.9808 0.7712 0.5517 -0.7356 -0.0381 0.0486 0.6746
1311878056.548698 -1.0880 1.0631 0.5465 -0.7123 -0.1922 0.1863 0.6488
1311878057.816638 -1.3141 1.3068 0.5447 -0.6798 -0.2827 0.2710 0.6201
1311878058.919288 -1.4572 1.5359 0.5404 -0.7169 -0.1638 0.1612 0.6582
1311878060.020176 -1.5783 1.7122 0.5373 -0.6880 -0.2685 0.2624 0.6210
1311878061.121490 -1.7558 1.8004 0.5369 -0.6156 -0.4166 0.3842 0.5475
1311878062.488759 -2.0292 1.8000 0.5416 0.4869 0.5522 -0.5113 -0.4433
1311878063.857116 -2.2662 1.7181 0.5391 0.4001 0.6304 -0.5701 -0.3429
1311878065.124722 -2.4816 1.5764 0.5426 0.3385 0.6463 -0.6087 -0.3118
1311878066.660193 -2.7311 1.3181 0.5429 0.2255 0.7047 -0.6442 -0.1938
1311878068.027634 -2.8271 1.0804 0.5450 0.0744 0.7362 -0.6704 -0.0553
1311878069.464356 -2.8297 0.9257 0.5462 -0.0141 0.7374 -0.6748 0.0247
1311878070.763789 -2.8186 0.9143 0.5466 -0.0867 0.7313 -0.6704 0.0908
1311878072.032372 -2.7587 0.6674 0.5515 -0.0895 0.7270 -0.6748 0.0899
1311878073.300170 -2.6714 0.3081 0.5551 -0.0899 0.7293 -0.6724 0.0887
1311878074.504096 -2.6187 -0.0496 0.5570 -0.0273 0.7373 -0.6738 0.0411
1311878075.636765 -2.6431 -0.3773 0.5627 0.0521 0.7349 -0.6753 -0.0346
1311878076.905015 -2.7707 -0.7284 0.5658 0.1859 0.7130 -0.6583 -0.1539
1311878078.014500 -2.9775 -0.9780 0.5692 0.2494 0.6926 -0.6429 -0.2116
1311878079.069627 -3.1108 -1.2600 0.5724 0.1038 0.7257 -0.6747 -0.0860
1311878080.340863 -3.1257 -1.5645 0.5766 -0.0379 0.7348 -0.6760 0.0405
1311878081.443702 -2.9650 -1.9366 0.5828 -0.2275 0.6974 -0.6450 0.2142
1311878082.510140 -2.7370 -2.1307 0.5874 -0.3599 0.6398 -0.5921 0.3324
1311878083.708097 -2.4157 -2.2215 0.5887 -0.5009 0.5457 -0.4963 0.4528
1311878084.810751 -2.2972 -2.2024 0.5895 -0.5986 0.4322 -0.3951 0.5466
1311878087.092205 -2.3217 -2.1727 0.5886 -0.7181 0.1992 -0.1754 0.6434
1311878087.760216 -2.3233 -2.1728 0.5881 -0.7192 0.1991 -0.1743 0.6424
1311878088.424385 -2.3231 -2.1728 0.5881 -0.7189 0.1989 -0.1748 0.6427
1341847980.722988 -0.6832 2.6909 1.7373 0.0003 0.8617 -0.5072 -0.0145
1341847981.390810 -0.6495 2.7000 1.7397 0.0094 0.8600 -0.5099 -0.0174
1341847982.062739 -0.5449 2.7273 1.7284 0.0098 0.8615 -0.5071 -0.0247
1341847982.730674 -0.4578 2.7158 1.7390 0.0358 0.8601 -0.5069 -0.0446
1341847983.402670 -0.2558 2.6951 1.7357 0.0544 0.8615 -0.5020 -0.0529
1341847984.074737 0.0088 2.7132 1.7243 0.0735 0.8542 -0.5100 -0.0695
1341847984.743352 0.2219 2.5809 1.6549 0.0778 0.8605 -0.4981 -0.0736
1341847985.414650 0.3215 2.3283 1.6373 0.1155 0.8585 -0.4913 -0.0908
1341847986.082612 0.4214 2.0794 1.6323 0.1701 0.8363 -0.5083 -0.1154
1341847986.762616 0.4612 1.8090 1.6294 0.2264 0.8221 -0.5013 -0.1469
1341847987.422820 0.4984 1.5851 1.5905 0.2738 0.8108 -0.4786 -0.1962
1341847988.098165 0.5903 1.3915 1.5062 0.3052 0.7836 -0.4954 -0.2176
1341847988.769740 0.6565 1.2753 1.4530 0.3378 0.7774 -0.4826 -0.2206
1341847989.470712 0.8417 1.1922 1.4995 0.3302 0.7817 -0.4751 -0.2326
1341847990.139194 1.0437 1.1436 1.5365 0.3438 0.7729 -0.4681 -0.2555
1341847990.810771 1.2400 1.0917 1.5426 0.3694 0.7651 -0.4678 -0.2437
1341847991.478824 1.3706 0.9688 1.5449 0.4114 0.7465 -0.4554 -0.2570
1341847992.150789 1.4548 0.8483 1.5763 0.4629 0.7118 -0.4378 -0.2956
1341847992.818723 1.6074 0.6817 1.5815 0.5026 0.6835 -0.4251 -0.3153
1341847993.490680 1.6756 0.4979 1.5742 0.5339 0.6582 -0.4091 -0.3381
1341847994.169705 1.7078 0.2927 1.5846 0.5618 0.6414 -0.3827 -0.3557
1341847994.866828 1.7867 0.0534 1.5903 0.6033 0.6000 -0.3713 -0.3716
1341847995.534752 1.8047 -0.1236 1.5879 0.6329 0.5601 -0.3558 -0.3990
1341847996.206643 1.7877 -0.2463 1.5874 0.6643 0.5307 -0.3365 -0.4047
1341847996.874766 1.8092 -0.3743 1.5701 0.6981 0.4942 -0.3065 -0.4178
1341847997.546599 1.8183 -0.5889 1.5768 0.7030 0.4725 -0.3001 -0.4387
1341847998.253760 1.7112 -0.8174 1.5939 0.7143 0.4464 -0.2979 -0.4491
1341847998.918666 1.6362 -1.0600 1.5703 0.7140 0.4633 -0.2808 -0.4436
1341847999.590686 1.5614 -1.2425 1.5560 0.7474 0.3967 -0.2702 -0.4594
1341848000.266975 1.3848 -1.2955 1.5318 0.8025 0.3143 -0.2223 -0.4560
1341848000.930722 1.2102 -1.3103 1.5300 0.8209 0.2549 -0.2005 -0.4701
1341848001.634657 1.0036 -1.3023 1.5056 0.8378 0.1832 -0.1368 -0.4959
1341848002.306708 0.8239 -1.2246 1.5061 -0.8537 -0.1033 0.0949 0.5015
1341848002.974597 0.6664 -1.1641 1.4538 0.8661 0.0886 -0.0717 -0.4867
1341848003.649972 0.4871 -1.1323 1.4174 0.8490 0.1555 -0.0794 -0.4988
1341848004.321820 0.3369 -1.0188 1.3841 0.8343 0.2370 -0.1173 -0.4837
1341848004.993849 0.2191 -0.9742 1.3276 0.8267 0.3216 -0.1358 -0.4413
1341848005.661802 0.1559 -0.9906 1.3051 0.8039 0.3832 -0.1649 -0.4240
1341848006.333717 0.0911 -1.0328 1.3062 0.7619 0.4289 -0.2233 -0.4310
1341848007.005802 0.0125 -1.1213 1.3218 0.7607 0.4189 -0.2368 -0.4355
1341848007.666675 -0.0424 -1.2667 1.3579 0.7873 0.3641 -0.2199 -0.4463
1341848008.338769 -0.1554 -1.3838 1.3779 0.8310 0.2772 -0.1847 -0.4455
1341848009.006825 -0.2717 -1.4811 1.4110 0.8547 0.2104 -0.1533 -0.4492
1341848009.678666 -0.3988 -1.5311 1.3831 0.8747 0.1446 -0.1005 -0.4515
1341848010.351054 -0.5531 -1.4334 1.3662 0.8810 0.1284 -0.0936 -0.4457
1341848011.018704 -0.6037 -1.3043 1.3918 0.8927 0.0742 -0.0675 -0.4394
1341848011.690778 -0.6397 -1.2437 1.3884 0.8990 0.0127 -0.0338 -0.4364
1341848012.358782 -0.6312 -1.1073 1.3565 0.9109 0.0048 -0.0106 -0.4124
1341848013.030944 -0.6606 -0.9778 1.3246 0.9061 0.1155 -0.0111 -0.4069
1341848013.698821 -0.7205 -0.9825 1.2869 0.8805 0.2498 -0.0700 -0.3968
1341848014.370553 -0.8306 -1.0029 1.2537 0.8293 0.3855 -0.1189 -0.3865
1341848015.042593 -0.9778 -1.0609 1.2300 0.7595 0.4975 -0.1952 -0.3709
1341848015.718057 -1.0474 -1.0527 1.1998 0.6638 0.6354 -0.2546 -0.3013
1341848016.389789 -1.0431 -1.0672 1.2133 0.6013 0.6784 -0.3012 -0.2958
1341848017.086845 -0.9825 -1.1727 1.2286 0.6250 0.6452 -0.3143 -0.3069
1341848017.754780 -0.8720 -1.2523 1.2758 0.6705 0.5634 -0.3190 -0.3622
1341848018.433770 -0.8365 -1.3436 1.2912 0.7093 0.5098 -0.2965 -0.3860
1341848019.130792 -0.8277 -1.5407 1.3152 0.7417 0.4549 -0.2709 -0.4118
1341848019.798719 -0.8143 -1.7721 1.3225 0.7768 0.3884 -0.2285 -0.4399
1341848020.471200 -0.8687 -1.9187 1.3318 0.8084 0.2923 -0.1828 -0.4771
1341848021.142795 -0.9890 -2.0416 1.3453 0.8370 0.2133 -0.1499 -0.4811
1341848021.844563 -1.1767 -2.1555 1.3602 -0.8432 -0.1177 0.0954 0.5157
1341848022.521730 -1.3891 -2.1356 1.4009 -0.8364 -0.0290 0.0492 0.5452
1341848023.186687 -1.5809 -2.0416 1.4308 -0.8472 0.0922 -0.0410 0.5216
1341848023.854825 -1.7270 -1.9157 1.4130 0.8484 -0.1798 0.1055 -0.4866
1341848024.526783 -1.7859 -1.7369 1.4224 0.8343 -0.2644 0.1362 -0.4642
1341848025.194910 -1.9303 -1.6065 1.3953 0.8164 -0.3376 0.1624 -0.4396
1341848025.866679 -2.0388 -1.4978 1.3888 0.8004 -0.3817 0.1876 -0.4225
1341848026.534739 -2.1276 -1.3768 1.3678 0.7716 -0.4510 0.1912 -0.4059
1341848027.207212 -2.2901 -1.2580 1.3575 0.7613 -0.4632 0.2090 -0.4028
1341848027.878669 -2.4623 -1.1601 1.3613 0.7588 -0.4430 0.2106 -0.4286
1341848028.582747 -2.5383 -0.9875 1.3756 0.7499 -0.4445 0.2137 -0.4409
1341848029.286969 -2.6250 -0.8083 1.3817 0.7535 -0.4485 0.2182 -0.4283
1341848029.954640 -2.7661 -0.6862 1.3802 0.7231 -0.4976 0.2395 -0.4150
1341848030.626961 -2.8594 -0.5649 1.3615 0.6964 -0.5461 0.2668 -0.3817
1341848031.294747 -2.9401 -0.3931 1.3767 0.6453 -0.6015 0.2656 -0.3888
1341848031.966694 -3.0264 -0.2824 1.3986 -0.6070 0.6343 -0.3008 0.3724
1341848032.634746 -3.1329 -0.1597 1.4036 -0.5814 0.6489 -0.3243 0.3683
1341848033.306665 -3.1650 -0.0025 1.4141 -0.5564 0.6671 -0.3371 0.3629
1341848033.978916 -3.1795 0.1242 1.4281 -0.5219 0.6943 -0.3521 0.3487
1341848034.683883 -3.2559 0.2560 1.4401 -0.4666 0.7277 -0.3788 0.3304
1341848035.350991 -3.2844 0.3960 1.4178 -0.4556 0.7418 -0.3782 0.3147
1341848036.054911 -3.2502 0.5588 1.4294 -0.3993 0.7752 -0.3718 0.3185
1341848036.726753 -3.2065 0.7233 1.4405 -0.3712 0.7852 -0.3952 0.2991
1341848037.395057 -3.1690 0.9524 1.4751 -0.3430 0.7684 -0.4406 0.3127
1341848038.066849 -3.0591 1.1201 1.4689 -0.3164 0.7911 -0.4438 0.2777
1341848038.734794 -2.9534 1.2749 1.4773 -0.2964 0.7981 -0.4608 0.2507
1341848039.406886 -2.9119 1.4700 1.4765 -0.2554 0.8141 -0.4662 0.2339
1341848040.078716 -2.7998 1.6033 1.4681 -0.2301 0.8257 -0.4715 0.2074
1341848040.746821 -2.6671 1.7154 1.4940 -0.1699 0.8411 -0.4825 0.1755
1341848041.450845 -2.5340 1.7879 1.4731 -0.0793 0.8686 -0.4718 0.1290
1341848042.122881 -2.3294 1.7774 1.4793 -0.0172 0.8739 -0.4735 0.1086
1341848042.797954 -2.1346 1.7615 1.4601 0.0677 0.8796 -0.4668 0.0626
1341848043.469625 -1.9625 1.7352 1.4532 0.1294 0.8771 -0.4620 0.0199
1341848044.137722 -1.7912 1.6101 1.4488 0.1630 0.8762 -0.4534 0.0104
1341848044.834852 -1.6682 1.5058 1.4329 0.2464 0.8612 -0.4440 -0.0216
1341848045.506761 -1.5449 1.3796 1.4139 0.2625 0.8613 -0.4342 -0.0285
1341848046.181848 -1.4356 1.2223 1.3743 0.2064 0.8728 -0.4420 -0.0163
1341848046.846853 -1.2789 1.2210 1.3468 0.1586 0.8817 -0.4442 -0.0086
1341848047.518733 -1.0963 1.3001 1.3418 0.1315 0.8845 -0.4476 0.0057
1341848048.186720 -0.9227 1.3199 1.3615 0.1247 0.8833 -0.4519 -0.0013
1341848048.858661 -0.7754 1.3385 1.3974 0.1384 0.8629 -0.4857 -0.0176
1341848049.526803 -0.6177 1.3879 1.4346 0.1280 0.8459 -0.5171 -0.0249
1341848050.198726 -0.4265 1.4666 1.4273 0.0947 0.8511 -0.5164 -0.0090
1341848050.870719 -0.2653 1.4877 1.4240 0.0194 0.8531 -0.5210 0.0186
1341848051.538932 -0.1574 1.5061 1.4319 -0.0490 0.8329 -0.5491 0.0489
1341848052.211397 -0.1775 1.5652 1.4158 -0.1510 0.8186 -0.5533 0.0320
1341848052.878813 -0.3051 1.6753 1.4160 -0.1637 0.8164 -0.5535 -0.0196
1341848053.553915 -0.4420 1.7830 1.4374 -0.0747 0.8285 -0.5517 -0.0609
1341848054.219030 -0.4589 1.8813 1.4784 0.0673 0.8409 -0.5335 -0.0612
1341848054.890895 -0.4154 2.0063 1.5315 0.1125 0.8362 -0.5322 -0.0701
1341848055.562613 -0.3185 2.2041 1.5598 0.1604 0.8163 -0.5481 -0.0862
1341848056.230727 -0.1549 2.2827 1.5625 0.2087 0.8058 -0.5447 -0.1022
1341848056.902748 0.1187 2.2398 1.5483 0.2066 0.8246 -0.5230 -0.0614
1341848057.571069 0.3563 2.2036 1.5246 0.2300 0.8367 -0.4892 -0.0873
1341848058.242740 0.6246 2.1524 1.5223 0.2506 0.8300 -0.4913 -0.0833
1341848058.910866 0.7792 2.0414 1.5201 0.2854 0.8119 -0.5011 -0.0908
1341848059.582695 0.8053 2.0207 1.5211 0.3242 0.7865 -0.5083 -0.1340
1341848060.254799 0.8353 2.0327 1.5190 0.3112 0.7691 -0.5346 -0.1605
1341848060.923126 0.7859 2.0558 1.5106 0.2886 0.7662 -0.5488 -0.1688
1341848061.626731 0.6742 2.0538 1.5507 0.2877 0.7472 -0.5755 -0.1666
1341848062.299276 0.6233 2.0258 1.5426 0.2664 0.7650 -0.5624 -0.1659
1341848062.966930 0.5349 2.0454 1.5372 0.2458 0.7751 -0.5657 -0.1371
1341848063.643039 0.3870 2.0653 1.5314 0.2168 0.7924 -0.5563 -0.1254
1341848064.313795 0.1943 1.9774 1.5297 0.1990 0.7995 -0.5556 -0.1118
1341848065.010770 -0.0197 1.9557 1.5406 0.1927 0.7986 -0.5616 -0.0987
1341848065.682873 -0.1858 1.9893 1.5453 0.1647 0.7989 -0.5716 -0.0889
1341848066.354797 -0.2918 2.0013 1.5229 0.0999 0.8197 -0.5616 -0.0514
1341848067.054702 -0.4548 1.9425 1.5309 0.0465 0.8164 -0.5724 -0.0604
1341848067.726732 -0.5373 1.9645 1.5390 0.0701 0.8099 -0.5793 -0.0598
