1311878016.085282 1311878015.748581 1311878016.416707 1311878017.086091
1311878073.836115 1311878073.300170 1311878074.504096 1311878072.032372
1305031933.033045 1305031933.269079 1305031932.768757 1305031943.771329
1341848003.985789 1341848003.649972 1341848004.321820 1341848004.993849
1305032357.126181 1305032356.994344 1305032357.326423 1305032356.662128
1311874940.458154 1311874940.326315 1311874940.658007 1311874939.994174
1311878053.549237 1311878053.044771 1311878055.281573 1311878054.213190
1311874993.133062 1311874993.000927 1311874993.333059 1311874992.665033
1341848060.586692 1341848060.923126 1341848060.254799 1341848059.582695
1311874968.466355 1311874968.661516 1311874968.334619 1311874968.999645
1311874977.129277 1311874977.329443 1311874976.997397 1311874963.661541
1311874927.790744 1311874927.658268 1311874919.658540 1311874919.990565
1311878010.748610 1311878011.080772 1311878011.748974 1311878014.416698
1311874908.454657 1311874908.322571 1311874908.654951 1311874907.990711
1311878004.080849 1311878003.748939 1311878005.080831 1311878005.748908
1341848012.022737 1341848011.690778 1341848012.358782 1341848011.018704
1311874905.786774 1311874905.986856 1311874905.654770 1311874905.322758
1311874974.465362 1311874974.665437 1311874974.329292 1311874973.997478
1305031937.036874 1305031937.268821 1305031936.268981 1305031936.768825
1311874990.465187 1311874990.332969 1311874990.665100 1311874991.001137
1305031936.036965 1305031936.268981 1305031937.268821 1305031936.768825
1311872228.062601 1311872227.730506 1311872228.398469 1311872229.062556
1311878028.084901 1311878042.498149 1311878027.752515 1311878028.421635
1311874950.462071 1311874950.325990 1311874950.661834 1311874949.661805
1305032366.461993 1305032366.330143 1305032366.662972 1305032365.994060
1305031927.033929 1305031926.769141 1305031927.269153 1305031928.269216
1305032367.130285 1305032366.994018 1305032367.330063 1305032366.662972
1305032381.130313 1305032381.330288 1305032380.998378 1305032382.662292
1305032370.462710 1305032370.330168 1305032370.662501 1305032370.998556
1305031930.033650 1305031929.769190 1305031930.269064 1305032358.661907
1311874906.454670 1311874906.322616 1311874905.986856 1311874905.654770
1311877977.413210 1311877977.077520 1311877977.745353 1311877978.413262
1305031920.033118 1305031920.265120 1305031919.765060 1305031919.265125
1311872213.394628 1311872213.062789 1311872213.726656 1311872216.398512
1311872164.055872 1311872164.387696 1311872163.719776 1311872165.723686
1311872165.387676 1311872165.723686 1311872165.055606 1311872167.055548
1311874947.794096 1311874947.993994 1311874947.661846 1311874948.325883
1311878032.084221 1311878032.421185 1311878031.752338 1311878033.084350
1311872212.062794 1311872211.726646 1311872217.066592 1311872211.062805
1311874913.790552 1311874913.654595 1311874914.322698 1311874913.322752
1311877992.081334 1311877992.415261 1311877991.081282 1311877991.745535
1311874947.125970 1311874946.993949 1311874945.325876 1311874946.662009
1311872201.394930 1311872201.727080 1311872201.059522 1311872202.395037
1311874938.457991 1311874938.658160 1311874938.326119 1311874939.326022
1341847986.425858 1341847986.082612 1341847986.762616 1341848063.643039
1305032359.794035 1305032359.662143 1305032387.666258 1305032359.994161
1341848006.670119 1341848007.005802 1341848006.333717 1341848007.666675
1311878033.420584 1311878031.086629 1311878030.416387 1311878029.754312
1341848001.299150 1341848001.634657 1341848000.930722 1341848000.266975
202 206 180 165
1311874963.129570 1311874963.329478 1311874962.997635 1311874961.329646
1305031913.033133 1305031912.765193 1305031912.265090 1305031913.265022
1305032358.462021 1305032358.661907 1305032358.994407 1305032358.326228
1305031922.033170 1305031922.265183 1305031921.765060 1305031922.765373
1311872166.723726 1311872166.387808 1311872167.055548 1311872167.723783
1311878044.405152 1311878045.003856 1311878043.737074 1311878088.424385
1311874961.794967 1311874962.662291 1311874961.997019 1311874961.661453
1305031944.040486 1305031943.771329 1305031944.270963 1305031913.265022
1311874967.132678 1311874966.997470 1311874967.332446 1311874958.329779
1311872160.055828 1311872160.387780 1311872159.719760 1311872163.055792
1311878026.752548 1311878026.417748 1311878037.087133 1311878027.084560
1311872198.726897 1311872198.391062 1311872199.059024 1311872199.726919
1311878005.416898 1311878005.080831 1311878003.748939 1311878004.416857
1341848056.566729 1341848056.230727 1341848056.902748 1341848065.010770
1311872248.066033 1311872247.734056 1311872154.387931 1311872155.052029
1311878017.416621 1311878017.086091 1311878016.416707 1311878017.749039
1311877982.745352 1311877983.077698 1311877982.413359 1311877981.745381
1311877988.081316 1311877988.413342 1311877987.746043 1311877993.081979
1311872240.066365 1311872240.398404 1311872239.730219 1311872239.066332
1311878025.418493 1311878025.084577 1311878025.756406 1311878026.417748
1311874933.129183 1311874932.990219 1311874922.322511 1311874932.658617
1305032375.801321 1305032375.665617 1305032375.998887 1305032375.333721
1311874913.122772 1311874912.990633 1311874913.322752 1311874912.654688
1311874949.125734 1311874948.993974 1311874942.325890 1311874949.325727
1305032360.462086 1305032388.998435 1305032388.666463 1305032360.326447
1341848002.639359 1341848002.306708 1341848002.974597 1341848001.634657
1311872244.066169 1311872244.398528 1311872243.730071 1311872243.066255
1305031940.037088 1305031940.269041 1305031939.768919 1305031916.265060
1341847990.474644 1341847990.810771 1341847990.139194 1341847991.478824
1311878029.416843 1311878029.754312 1311878031.086629 1311878030.416387
1311878041.869624 1311878041.233132 1311878042.498149 1311878036.419249
1311874939.794031 1311874939.658066 1311874939.994174 1311874940.326315
1311872200.059035 1311872199.726919 1311872200.391086 1311872199.059024
1311874981.133280 1311874980.997427 1311874980.665357 1311874970.997521
1311874914.454386 1311874914.654587 1311874914.990590 1311874914.322698
1341848025.530800 1341848025.866679 1341848025.194910 1341848026.534739
1311872238.730374 1311872239.066332 1311872238.398373 1311872239.730219
1305032381.798267 1305032381.662406 1305032381.998299 1305032382.330338
1305031952.037104 1305031952.268902 1305031955.772963 1305031955.272905
1311872224.062588 1311872224.394457 1311872223.730758 1311872223.062658
1311874989.133117 1311874989.333156 1311874988.997121 1311874988.665207
1341848049.869834 1341848049.526803 1341848050.870719 1341848050.198726
1311877994.750867 1311877994.413234 1311877995.082149 1311877993.749718
1305032355.126036 1305032354.993644 1305032355.325951 1305032355.658217
1341848021.487906 1341848021.844563 1341848021.142795 1341848020.471200
1311872210.726786 1311872211.062805 1311872210.394881 1311872217.726817
1305032390.466247 1305032390.330278 1305032390.666360 1305032390.998365
1305032386.466238 1305032386.666363 1305032386.330294 1305032358.326228
1305031925.033148 1305031925.269164 1305031925.769246 1305031924.765170
1311878039.397598 1311878037.087133 1311878036.419249 1311878041.233132
1341848030.958727 1341848030.626961 1341848031.294747 1341848031.966694
1311878008.080816 1311878008.416884 1311878009.080686 1311878007.748630
1311878068.797492 1311878069.464356 1311878070.763789 1311878068.027634
1311874919.790506 1311874919.658540 1311874919.990565 1311874927.991457
1311874915.790573 1311874915.654537 1311874915.990461 1311874915.322631
1311877986.745415 1311877987.081284 1311877986.413806 1311877985.745681
1311874931.126255 1311874930.993652 1311874931.328668 1311874931.659051
1311878024.084455 1311878024.416955 1311878023.752977 1311878025.084577
1305032389.130339 1305032389.330364 1305032388.998435 1305032388.666463
1311874943.794081 1311874943.658066 1311874942.994014 1311874943.325937
1311878009.416625 1311878009.080686 1311878009.748775 1311878008.416884
1305032387.130350 1305032386.998300 1305032359.326149 1305032357.662521
350 362 340 383
1311872234.730439 1311872234.398259 1311872235.062470 1311872233.730334
1305031943.039961 1305031943.271805 1305031942.771708 1305031942.271105
1341848036.390843 1341848036.054911 1341848036.726753 1341848035.350991
1311872220.062654 1311872220.394701 1311872219.733637 1311872219.065388
1311874927.126390 1311874926.990288 1311874927.326385 1311874915.990461
1305031942.036729 1305031941.768815 1305031942.271105 1305031943.771329
1305032382.462307 1305032382.330338 1305032381.662406 1305032381.998299
1305032363.794030 1305032363.662136 1305032363.326272 1305032363.994050
1341848051.202839 1341848050.870719 1341848051.538932 1341848052.211397
1341847998.586740 1341847998.253760 1341847998.918666 1341847999.590686
1311872214.730164 1311872215.062736 1311872214.394847 1311872215.726724
1305032373.129982 1305032373.331205 1305032373.999161 1305032372.998908
1311874970.461566 1311874970.661644 1311874970.329690 1311874980.997427
1311872206.727002 1311872206.394969 1311872207.060727 1311872207.726909
1341848020.134758 1341848019.798719 1341848020.471200 1341848021.142795
1305031924.033250 1305031923.765175 1305031924.265335 1305031923.265159
1311874910.454714 1311874910.322608 1311874910.654729 1311874911.990610
1311874987.133131 1311874987.333043 1311874986.997035 1311874987.665208
1305031953.036943 1305031953.273087 1305031953.772886 1305031952.768957
1311874911.790708 1311874911.990610 1311874911.654701 1311874911.322618
1305032384.462609 1305032384.666270 1305032384.330331 1305032383.998360
1311874911.122466 1311874910.990638 1311874911.322618 1311874911.654701
1305031915.033152 1305031914.764901 1305031915.264979 1305031947.269076
1311872245.398159 1311872245.066059 1311872245.730257 1311872244.398528
1311874969.131826 1311874968.999645 1311874969.334102 1311874968.334619
1311874982.465317 1311874982.665252 1311874982.333261 1311874981.997288
1341848061.962828 1341848061.626731 1341848062.299276 1341848060.923126
1305032357.794161 1305032357.994307 1305032357.662521 1305032359.326149
1311874916.458479 1311874916.322563 1311874919.990565 1311874927.658268
1311872192.059219 1311872192.391275 1311872191.723261 1311872193.059240
1311874971.129534 1311874980.329342 1311874970.997521 1311874980.665357
1311878078.539093 1311878079.069627 1311878076.905015 1311878078.014500
1311877978.745378 1311877979.077393 1311877979.746035 1311877978.413262
1311872218.726682 1311872218.396460 1311872217.726817 1311872219.065388
171 165 180 142
1305031949.037089 1305031949.768985 1305031916.265060 1305031948.768899
1311874949.793931 1311874949.661805 1311874949.993968 1311874950.325990
1311872226.730564 1311872226.394583 1311872227.062708 1311872225.730564
1311874948.461765 1311874948.325883 1311874948.661848 1311874943.658066
1311874945.125870 1311874945.325876 1311874945.661859 1311874944.994232
1311872157.387817 1311872157.055993 1311872157.719842 1311872156.387841
1305032377.801528 1305032378.001490 1305032377.662079 1305032376.333850
1311874956.461828 1311874956.329640 1311874956.661687 1311874949.325727
1311872169.387728 1311872169.055561 1311872169.723630 1311872168.387650
1305031939.037090 1305031939.268824 1305031940.269041 1305031938.769073
1305032367.794824 1305032367.662173 1305032367.330063 1305032367.994871
1311874979.797265 1311874979.665200 1311874979.997316 1311874971.329515
1311874929.126141 1311874928.992081 1311874929.326880 1311874929.658276
1311878080.908182 1311878081.443702 1311878074.504096 1311874919.658540
1341848035.014942 1341848035.350991 1341848034.683883 1341848033.978916
1311874951.126092 1311874951.326009 1311874950.993994 1311874951.661839
1311872237.398342 1311872237.062346 1311872237.730400 1311872236.398429
1311874965.797642 1311874965.997517 1311874965.663412 1311874966.332663
1311878020.084880 1311878019.748803 1311878020.416806 1311878013.748836
1311872185.391362 1311872185.060147 1311872185.723463 1311872187.059318
1341848005.325870 1341848004.993849 1341848005.661802 1341848006.333717
1305032365.794129 1305032365.662032 1305032365.994060 1305032366.330143
1311872221.394608 1311872221.062571 1311872221.730851 1311872220.394701
1311874985.797227 1311874985.665046 1311874985.997150 1311874985.333129
1311874934.458075 1311874934.658167 1311874934.328187 1311874933.990215
1311874935.126203 1311874922.322511 1311874935.326231 1311874934.998542
1311874932.458596 1311874932.327480 1311874932.658617 1311874931.991605
1311872184.062550 1311872184.391205 1311872183.723478 1311872185.060147
1341848041.786711 1341848041.450845 1341848042.122881 1341848042.797954
1311878006.748996 1311878006.416765 1311878007.081149 1311878004.416857
1311874991.132988 1311874991.001137 1311874990.665100 1311874991.333070
1311874945.793853 1311874945.661859 1311874945.993979 1311874945.325876
1341847999.927117 1341848000.266975 1341847999.590686 1341848000.930722
1341847987.758741 1341847987.422820 1341847988.098165 1341847988.769740
1311872241.398275 1311872241.730267 1311872241.066326 1311872242.398320
1305032380.462299 1305032380.662349 1305032380.330519 1305032379.998300
1311874941.794015 1311874941.658070 1311874941.993923 1311874941.325998
1311872162.719722 1311872162.387802 1311872163.055792 1311872161.719746
1341848043.133955 1341848043.469625 1341848042.797954 1341848044.137722
1311874951.793958 1311874951.661839 1311874951.993892 1311874951.326009
1311874907.122679 1311874907.322636 1311874906.990712 1311874907.654810
1341848032.302842 1341848032.634746 1341848031.966694 1341848033.306665
1311874930.462153 1311874930.326221 1311874930.661625 1311874929.994204
1311872230.730407 1311872230.398372 1311872231.062437 1311872231.730408
1305032388.466360 1305032388.666463 1305032388.330289 1305032388.998435
1305031947.037000 1305031947.269076 1305031946.769059 1305031915.264979
1311874925.122409 1311874924.991357 1311874925.327022 1311874924.658341
1311874955.793622 1311874955.661896 1311874955.993957 1311874955.329737
571 562 590 539
1311872177.391597 1311872177.723413 1311872177.055429 1311872178.392085
1311874907.790749 1311874907.990711 1311874907.654810 1311874908.322571
1311874919.122502 1311874918.990454 1311874927.991457 1311874928.327506
1311874917.122547 1311874917.322572 1311874916.990600 1311874917.990461
1311872242.730610 1311872242.398320 1311872243.066255 1311872241.730267
1311874987.797196 1311874987.665208 1311874987.997157 1311874988.333042
1311872202.727207 1311872202.395037 1311872203.059078 1311872201.727080
1311874943.125989 1311874942.994014 1311874943.325937 1311874942.657887
1305031950.036989 1305031949.768985 1305031916.265060 1305031951.268906
1311874953.793707 1311874953.993699 1311874953.661762 1311874938.994011
1311874973.797395 1311874973.997478 1311874973.665475 1311874974.665437
1311878049.077096 1311878049.605665 1311878050.745283 1311878051.777214
1305032369.130062 1305032369.330151 1305032368.993887 1305032369.661969
1311874992.465341 1311874992.332968 1311874992.665033 1311874992.000968
1311878076.235971 1311878075.636765 1311878076.905015 1311878079.069627
1311874960.461751 1311874960.661605 1311874960.329739 1311874960.994216
1305031916.033043 1305031948.768899 1305031916.265060 1305031915.765010
770 760 811 746
1305031932.032913 1305031931.768911 1305031932.268818 1305031934.269296
1341848017.418824 1341848017.754780 1341848017.086845 1341848018.433770
650 644 666 624
823 811 834 760
1341847991.814748 1341847991.478824 1341847992.150789 1341847990.810771
1341847981.054711 1341847980.722988 1341847981.390810 1341847982.062739
1311872174.723542 1311872175.055768 1311872174.391438 1311872175.723347
1341848067.390706 1341848067.054702 1341848067.726732 1341848054.219030
1311878055.914716 1311878056.548698 1311878055.281573 1311878057.816638
1305031921.033111 1305031921.265164 1305031920.765152 1305031944.270963
1305031928.033186 1305031927.769158 1305031928.269216 1305031927.269153
1305031946.037278 1305031944.769058 1305031946.268902 1305031911.265104
1341848047.182713 1341848046.846853 1341848047.518733 1341848046.181848
1311874978.465312 1311874978.329256 1311874978.665156 1311874978.997341
1311874963.797482 1311874963.661541 1311874963.998719 1311874959.661823
1311874975.797435 1311874975.665421 1311874975.997386 1311874976.330357
1311874939.125939 1311874938.994011 1311874939.326022 1311874939.658066
1305032387.798282 1305032359.994161 1305032387.666258 1305032388.330289
1305032371.798758 1305032371.661896 1305032371.998991 1305032366.662972
1311872156.056062 1311872155.720057 1311872156.387841 1311872157.055993
1311874965.129453 1311874964.997524 1311874965.329599 1311874965.663412
1311874975.129503 1311874974.997486 1311874975.329383 1311874976.330357
1305031912.533113 1305031912.265090 1305031912.765193 1305031913.265022
1311874941.125937 1311874940.994093 1311874941.325998 1311874940.658007
1341847997.210888 1341847997.546599 1341847996.874766 1341847998.253760
1311878046.770243 1311878047.340663 1311878046.241672 1311874970.661644
1341847983.738736 1341847983.402670 1341847984.074737 1341847982.730674
1311874923.122450 1311874923.322376 1311874922.990398 1311874923.990851
1311874986.465286 1311874986.333038 1311874986.665368 1311874985.665046
1311874909.122582 1311874908.990522 1311874909.322656 1311874909.654752
1311877993.413001 1311877993.749718 1311877992.415261 1311877993.081979
1311874933.790181 1311874933.660820 1311874933.990215 1311874933.327785
1311874967.801543 1311874968.000988 1311874967.664238 1311874968.334619
1305032389.798350 1305032389.666311 1305032389.330364 1305032389.998160
1311874953.129781 1311874953.329702 1311874952.993730 1311874953.661762
1311872246.734320 1311872247.066092 1311872246.398142 1311872217.066592
1311874957.129618 1311874956.993631 1311874957.329629 1311874956.661687
1341848022.850799 1341848023.186687 1341848022.521730 1341848023.854825
1311874920.458623 1311874920.658357 1311874920.322554 1311874920.990451
1311874917.790649 1311874917.660291 1311874917.990461 1311874917.322572
1311874922.458416 1311874934.998542 1311874922.658361 1311874934.658167
1311874921.122469 1311874920.990451 1311874921.322620 1311874936.658156
1311874959.794093 1311874959.661823 1311874963.661541 1311874963.329478
1305031923.033184 1305031922.765373 1305031923.265159 1305031922.265183
1311878013.416595 1311878013.084907 1311878012.416842 1311878013.748836
1341848064.649724 1341848065.010770 1341848065.682873 1341848064.313795
1305031911.035050 1305031913.765028 1305031911.265104 1305031910.765238
1341848009.342882 1341848009.678666 1341848009.006825 1341848010.351054
1341848044.473716 1341848044.137722 1341848044.834852 1341848045.506761
1305032368.462392 1305032368.330048 1305032370.330168 1305032377.662079
1305032362.462140 1305032362.326223 1305032362.662324 1305032362.994111
1311872152.051928 1311872152.387952 1311872151.720017 1311872210.394881
1311872170.723675 1311872171.055684 1311872170.387665 1311872171.723633
1341848053.889790 1341848054.219030 1341848067.054702 1341848066.354797
1311872197.391026 1311872197.727105 1311872197.059082 1311872198.391062
1305032354.457427 1305032354.325326 1305032354.657511 1305032381.330288
1305031951.036930 1305031951.268906 1305031950.269033 1305031950.768897
1305032391.798157 1305032391.998270 1305032391.666362 1305032362.994111
1305032355.794028 1305032355.658217 1305032355.994102 1305032356.326174
1341848040.410884 1341848040.078716 1341848040.746821 1341848039.406886
1311874977.797376 1311874977.997352 1311874978.329256 1311874977.665244
1305031917.033155 1305031917.765114 1305031917.265163 1305031916.765076
1311874931.790921 1311874931.659051 1311874931.328668 1311874931.991605
1311872208.060046 1311872208.394809 1311872207.726909 1311872209.059163
1305031955.036969 1305031954.773183 1305031955.272905 1305031955.772963
1311878012.080868 1311878011.748974 1311878012.416842 1311878013.084907
1311872190.723624 1311872191.059266 1311872190.391240 1311872191.723261
1305031929.033640 1305031928.769202 1305032366.330143 1305032361.662057
1311874984.465249 1311874984.333242 1311874984.666175 1311874907.322636
1311872217.396948 1311872211.726646 1311872217.066592 1311872212.394603
1311874915.122434 1311874915.322631 1311874914.990590 1311874914.654587
1341847982.398909 1341847981.390810 1341847982.062739 1341847980.722988
1311878058.316219 1311878060.020176 1311878057.816638 1311878058.919288
1311874962.462366 1311874961.997019 1311874962.329512 1311874962.662291
1305031913.533297 1305031913.765028 1305031911.765284 1305031911.265104
1305031931.033023 1305031932.768757 1305031931.268951 1305031933.269079
1341848029.618715 1341848029.286969 1341848029.954640 1341848030.626961
1311874952.461811 1311874952.325747 1311874952.661843 1311874942.325890
1311874981.797295 1311874981.665124 1311874981.997288 1311874981.333334
1311872225.394611 1311872225.062587 1311872225.730564 1311872226.394583
1305032374.465685 1305032374.334742 1305032374.666012 1305032373.999161
1311874929.793975 1311874929.994204 1311874929.658276 1311874930.326221
1311872216.062800 1311872213.726656 1311872215.726724 1311872214.394847
1305032363.126578 1305032363.326272 1305032363.662136 1305032362.994111
1305032375.133595 1305032375.333721 1305032374.994296 1305032375.665617
1311872182.726433 1311872182.394114 1311872183.061942 1311872183.723478
1311874959.129696 1311874959.329858 1311874964.997524 1311874958.994467
1311872186.723319 1311872187.059318 1311872186.391340 1311872185.723463
1305031935.036852 1305031935.268965 1305031934.769124 1305031931.768911
1311874912.454545 1311874912.322549 1311874912.654688 1311874992.665033
1311878063.188419 1311878062.488759 1311874905.322758 1311878063.857116
1341847993.154688 1341847992.818723 1341847993.490680 1341847994.169705
1311878065.892538 1311878065.124722 1311878063.857116 1311878066.660193
1311874921.790478 1311874921.658404 1311874921.322620 1311874935.658190
1311874926.458301 1311874926.326517 1311874926.658239 1311874926.990288
1311874923.790349 1311874923.990851 1311874923.658298 1311874923.322376
1341848008.002709 1341848007.666675 1341848008.338769 1341848007.005802
1305032359.126199 1305032358.994407 1305032357.662521 1305032359.326149
1311877980.077763 1311877980.413272 1311877981.078382 1311877982.413359
1311874936.458086 1311874936.658156 1311874936.326164 1311874935.658190
1305031926.033156 1305031925.769246 1305031926.269135 1305031925.269164
1305032371.129946 1305032370.998556 1305032371.331299 1305032370.662501
1305032385.798268 1305032385.666392 1305032385.998400 1305032353.993165
1311872153.388018 1311872153.719952 1311872153.052022 1311872247.734056
1311874983.133142 1311874983.333543 1311874982.997259 1311874983.665816
1311877990.749050 1311877990.413154 1311877991.081282 1311877991.745535
1311878030.753254 1311878030.416387 1311878029.754312 1311878031.086629
1311874937.794063 1311874937.658131 1311874930.993652 1311874937.994153
1311874983.797303 1311874983.665816 1311874983.333543 1311874994.000906
1311872172.055773 1311872172.387613 1311872171.723633 1311872171.055684
1305031934.033000 1305031934.269296 1305031932.268818 1305031934.769124
1341848039.070805 1341848039.406886 1341848038.734794 1341848040.078716
1311877984.078499 1311877984.413261 1311877983.745341 1311877985.077649
1311874903.786751 1311874903.654810 1311874903.322796 1311874903.986809
1311874905.122765 1311874905.322758 1311874904.986823 1311874905.654770
1311874957.795243 1311874957.662605 1311874951.661839 1311874957.994216
1305032383.798245 1305032383.662347 1305032383.998360 1305032384.330331
1311878002.748826 1311878001.749059 1311878001.081133 1311878002.413052
1341848066.018773 1341848066.354797 1341848065.010770 1341848065.682873
1311872158.719852 1311872158.387775 1311872157.719842 1311872155.720057
1341848026.878025 1341848026.534739 1341848027.207212 1341848025.866679
1311872150.719998 1311872149.719880 1311872151.052003 1311872150.387987
1311874944.461867 1311874944.325798 1311874944.661995 1311874947.661846
1305032361.793966 1305032361.662057 1305032361.994272 1305032360.994081
1341848052.543277 1341848052.211397 1341848052.878813 1341848050.870719
1311874969.799725 1311874969.661451 1311874970.002678 1311874969.334102
1311874918.458336 1311874918.322529 1311874917.990461 1311874918.658350
1311872196.059076 1311872196.391015 1311872195.727129 1311872195.059191
1311878018.748704 1311878019.084675 1311878018.416635 1311878015.084670
1311874989.797046 1311874989.664994 1311874989.997043 1311874990.332969
1311874924.458270 1311874924.322327 1311874924.658341 1311874924.991357
1305032369.794261 1305032369.994395 1305032369.661969 1305032369.330151
1341848016.053936 1341848016.389789 1341848015.718057 1341848017.086845
1311874937.126013 1311874937.326042 1311874937.658131 1311874936.994188
1341847989.134676 1341847988.769740 1341847989.470712 1341847990.139194
1305032379.798231 1305032379.662215 1305032379.998300 1305032380.330519
1311878071.399759 1311878072.032372 1311878070.763789 1311878073.300170
1305031912.033135 1305031913.265022 1305031912.265090 1305031912.765193
1311877989.413184 1311877990.413154 1311877989.081595 1311877991.081282
1311872233.398244 1311872233.062264 1311872233.730334 1311872234.398259
1305031945.039937 1305031913.765028 1305031944.769058 1305031911.265104
1311878088.092463 1311878087.760216 1311878088.424385 1311878087.092205
870 880 855 834
1311872205.394957 1311872205.058985 1311872205.727074 1311872204.395124
1311872181.394366 1311872181.725596 1311872181.057915 1311872179.725738
1311874954.461768 1311874954.661748 1311874954.329795 1311874954.993635
1311878014.748739 1311878015.084670 1311878014.416698 1311878019.084675
1311872236.062551 1311872236.398429 1311872235.730340 1311872237.062346
1305032385.130368 1305032384.998291 1305032385.330400 1305032384.330331
1311874971.797541 1311874971.668057 1311874971.997488 1311874978.665156
1311874904.454836 1311874904.322792 1311874903.986809 1311874904.654811
1311874942.458076 1311874942.325890 1311874942.657887 1311874941.993923
1341848018.769715 1341848019.130792 1341848018.433770 1341848017.754780
1305031938.036945 1305031938.268809 1305031937.768919 1305031938.769073
1311872193.391240 1311872193.727121 1311872193.059240 1311872194.391199
1305032373.795810 1305032373.999161 1305032373.664564 1305032373.331205
1311874972.465333 1311874972.329350 1311874972.665423 1311874971.997488
1311874976.465484 1311874976.330357 1311874975.997386 1311874975.665421
1311872154.720077 1311872155.052029 1311872154.387931 1311872156.387841
1311878000.080909 1311878003.080951 1311878004.416857 1311878005.748908
1305031941.036777 1305031941.271129 1305031940.768772 1305031948.269041
1311874955.129741 1311874954.993635 1311874954.661748 1311874953.993699
1311872180.057797 1311872179.725738 1311872179.057866 1311872180.391312
1311874988.466951 1311874988.665207 1311874988.333042 1311874987.997157
1305031954.036921 1305031952.768957 1305031954.272870 1305031954.773183
1341848028.254235 1341848027.878669 1341848028.582747 1341848027.207212
82 66 91 1
1341848048.522793 1341848048.858661 1341848048.186720 1341848049.526803
1311874961.129584 1311874960.994216 1311874960.661605 1311874961.329646
1311878085.476278 1311878084.810751 1311877986.413806 1311877987.081284
1311877998.749068 1311877999.081058 1311877999.748966 1311877998.413085
1311872209.394915 1311872209.727210 1311872209.059163 1311872208.394809
470 458 490 485
1305032377.129944 1305032377.330085 1305032376.999109 1305032376.662225
1311872222.730647 1311872223.062658 1311872222.394528 1311872221.730851
1311874985.133248 1311874984.997327 1311874985.333129 1311874985.665046
1341847994.501736 1341847994.169705 1341847994.866828 1341847995.534752
1311874979.129435 1311874978.997341 1311874979.329365 1311874978.665156
1311874973.129497 1311874972.997609 1311874973.329456 1311874988.997121
1311874935.796457 1311874935.658190 1311874935.995869 1311874921.658404
1341848014.706765 1341848014.370553 1341848015.042593 1341848013.698821
1305032379.130109 1305032378.997991 1305032379.330184 1305032380.330519
1341848059.246762 1341848059.582695 1341848058.910866 1341848060.254799
27 1 66 91
1305031948.037003 1305031948.269041 1305031947.769041 1305031916.265060
1305031914.033441 1305031910.765238 1305031914.265074 1305031911.265104
1305031918.033144 1305031918.265256 1305031951.268906 1305031916.265060
1311878021.416795 1311878021.084803 1311878021.752779 1311878020.416806
1311872189.391133 1311872189.723086 1311872189.059209 1311872190.391240
1341847985.078667 1341847984.743352 1341847985.414650 1341847984.074737
1311872188.059206 1311872187.723383 1311872188.391227 1311872187.059318
1305032383.130529 1305032382.998323 1305032383.330305 1305032383.662347
1305032356.458392 1305032356.662128 1305032356.326174 1305032355.994102
1305032376.461966 1305032376.333850 1305032376.662225 1305032377.662079
1311878022.752421 1311878023.084662 1311878022.416871 1311874919.322716
1341848010.682633 1341848011.018704 1341848010.351054 1341848009.678666
1311872149.391768 1311872149.052080 1311872149.719880 1311872206.394969
1311874946.462021 1311874946.325867 1311874946.662009 1311874945.993979
1311874993.801028 1311874994.000906 1311874993.665033 1311874983.665816
1305031956.036937 1305031955.772963 1305031955.272905 1305031954.773183
1311874991.801073 1311874991.665109 1311874992.000968 1311874991.333070
1341848045.842865 1341848045.506761 1341848046.181848 1341848044.834852
1305032378.462047 1305032378.330021 1305032378.661960 1305032375.665617
1305032372.466062 1305032372.329863 1305032372.664099 1305032371.998991
1311872178.723275 1311872178.392085 1311872179.057866 1311872179.725738
1305031911.533251 1305031911.265104 1305031913.765028 1305031911.765284
1311872229.398473 1311872229.730498 1311872229.062556 1311872228.398469
1311874925.790327 1311874925.990255 1311874989.664994 1311874925.658380
1311872168.056181 1311872168.387650 1311872167.723783 1311872169.055561
1311878001.412901 1311878001.749059 1311878002.413052 1311878001.081133
1311874928.458176 1311874928.327506 1311874928.659206 1311874927.991457
1305031919.033082 1305031919.265125 1305031954.272870 1305031952.768957
1341848013.366705 1341848013.030944 1341848011.018704 1341848013.698821
1311874909.790620 1311874909.654752 1311874909.990667 1311874909.322656
1311872161.387808 1311872161.055773 1311872161.719746 1311872155.720057
1311877997.413415 1311877997.081207 1311877997.749580 1311877996.412924
1311877981.413966 1311877981.745381 1311877981.078382 1311877982.413359
1341848063.302788 1341848062.966930 1341848063.643039 1341848062.299276
1311878051.273847 1311878049.605665 1311878050.745283 1311878051.777214
1305032361.126224 1305032360.994081 1305032361.326219 1305032361.662057
1341848057.906831 1341848057.571069 1341848058.242740 1341848058.910866
1311874964.461575 1311874964.329458 1311874964.661529 1311874963.998719
1341848024.190945 1341848024.526783 1341848023.854825 1341848023.186687
1311872194.727102 1311872194.391199 1311872195.059191 1311872195.727129
1311877985.413186 1311877985.077649 1311877985.745681 1311877984.413261
1305032391.130361 1305032390.998365 1305032391.330276 1305032390.666360
1311874966.463252 1311874966.332663 1311874966.664099 1311874965.997517
1341848055.226768 1341848055.562613 1341848054.890895 1341848065.682873
1341848037.730964 1341848037.395057 1341848038.066849 1341848038.734794
1311874958.461775 1311874958.329779 1311874966.664099 1311874966.332663
1311878060.588958 1311878061.121490 1311878060.020176 1311878057.816638
1305032365.126212 1305032364.994009 1305032365.326046 1305032365.662032
1311872173.387592 1311872173.055842 1311872173.723501 1311872174.391438
1311872176.055430 1311872175.723347 1311872176.391378 1311872175.055768
1341848033.642934 1341848033.306665 1341848033.978916 1341848032.634746
1311872204.059029 1311872203.727138 1311872204.395124 1311872205.058985
1311872232.062376 1311872232.398474 1311872231.730408 1311872231.062437
1311878083.139937 1311878082.510140 1311878083.708097 1311874939.326022
289 262 310 340
1311877996.082011 1311877995.749212 1311877996.412924 1311877997.081207
1305032364.462091 1305032364.326102 1305032364.662222 1305032362.994111
1341847995.870641 1341847996.206643 1341847995.534752 1341847994.866828
1311874980.465165 1311874980.329342 1311874980.665357 1311874980.997427
